
-14605
6675
1914
-12101
-17438
-10564
3860
16133
17884
7841
-5675
-7041
-15207
-15951
-5052
9779
14897
5022
-6995
-16700
-14602
-2206
12195
18815
13114
-1069
-14057
-17064
-8118
6735
17493
16798
5070
-9668
-17395
-12937
682
14297
18654
10761
-4032
-15586
-16132
-5387
9464
18409
15282
2225
-11868
-17388
-10699
3711
16148
18142
8252
-6743
-16616
-14761
-2462
11998
18833
13311
-840
-13963
-17142
-8362
6468
17344
16843
5245
-9565
-17520
-13312
184
13883
18461
10714
-4058
-15831
-16634
-6030
8864
17958
15040
2039
-12178
-17939
-11451
2900
15464
17686
7989
-7027
-17099
-15489
-3329
11215
18276
13036
-1016
-14222
-17663
-9079
5744
16806
16579
5122
-9691
-17822
-13805
-393
13399
18184
10683
-4003
-15856
-16896
-6464
8402
17659
14939
2077
-12188
-18171
-11915
2351
14970
17375
7812
-7176
-17401
-15981
-3972
10571
17789
12694
-1264
-14579
-18241
-9844
4974
16180
16147
4841
-10006
-18310
-14517
-1223
12657
17698
10419
-4222
-16231
-17475
-7191
7701
17175
14753
2057
-12245
-18426
-12365
1838
14653
17362
8081
-6852
-17250
-16103
-4265
10366
17887
13102
-737
-14169
-18094
-9917
4843
16285
16552
5444
-9433
-17971
-14442
-1264
12722
18054
11015
-3567
-15751
-17331
-7291
7651
17394
15279
2717
-11696
-18172
-12396
1736
14718
17758
8705
-6226
-16839
-15996
-4311
10358
18136
13697
54
-13455
-17673
-9805
4865
16516
17227
6433
-8450
-17297
-14136
-1134
12963
18609
11965
-2537
-14948
-16892
-7112
7824
17839
16094
3745
-10770
-17577
-12194
1754
14906
18334
9645
-5282
-16235
-15844
-4443
10327
18481
14394
880
-12891
-17568
-10094
4517
16397
17479
6932
-8015
-17217
-14490
-1750
12473
18566
12304
-2040
-14683
-17084
-7683
7217
17584
16307
4268
-10377
-17646
-12739
1063
14449
18375
10118
-4731
-16056
-16203
-5158
9688
18294
14755
1430
-12565
-17735
-10694
3787
16011
17646
7466
-7551
-17215
-15018
-2502
11895
18464
12671
-1623
-14610
-17532
-8516
6350
17024
16256
4493
-10245
-17966
-13482
125
13698
18031
10133
-4681
-16300
-16881
-6104
8801
17721
14566
1431
-12675
-18203
-11500
2921
15348
17350
7476
-7506
-17429
-15602
-3330
11156
18023
12611
-1448
-14570
-17875
-9208
5599
16595
16276
4793
-10029
-18098
-14048
-624
13140
17896
10332
-4436
-16280
-17276
-6805
8086
17368
14653
1758
-12515
-18496
-12190
2113
14814
17270
7756
-7230
-17504
-16142
-4117
10536
17878
12892
-1033
-14388
-18131
-9765
5062
16385
16526
5317
-9578
-18024
-14378
-1114
12845
18057
10925
-3688
-15805
-17297
-7194
7703
17378
15202
2626
-11777
-18226
-12436
1702
14683
17638
8517
-6452
-17087
-16239
-4525
10188
17945
13420
-318
-13877
-18110
-10238
4432
16064
16720
5906
-9017
-17898
-14738
-1747
12406
18116
11450
-3048
-15474
-17404
-7632
7323
17381
15639
3295
-11243
-18042
-12599
1400
14576
18009
9295
-5595
-16522
-16101
-4681
10092
18244
14175
621
-13176
-17846
-10298
4362
16270
17338
6716
-8259
-17433
-14649
-1882
12354
18398
12026
-2396
-15009
-17315
-7869
7011
17302
15982
3873
-10750
-17949
-12923
892
14288
18150
9747
-5152
-16360
-16353
-5208
9608
18141
14518
1188
-12736
-17802
-10659
3905
16062
17572
7361
-7598
-17118
-14849
-2333
12058
18584
12745
-1495
-14390
-17238
-8157
6742
17412
16570
4709
-10031
-17669
-13083
581
14119
18357
10331
-4492
-15992
-16470
-5695
9155
18016
14849
1741
-12386
-17922
-11231
3190
15637
17631
7760
-7223
-17167
-15360
-3091
11437
18366
12952
-1142
-14291
-17588
-8877
5993
17031
16688
5166
-9658
-17699
-13609
-197
13566
18325
10811
-3857
-15727
-16804
-6440
8421
17766
15165
2347
-11945
-18051
-11907
2332
15103
17715
8316
-6704
-17100
-15878
-3952
10683
18110
13212
-722
-14160
-18062
-9895
4849
16223
16489
5397
-9523
-18098
-14594
-1461
12513
17854
10876
-3685
-15943
-17618
-7643
7282
17098
15056
2543
-11950
-18545
-12839
1249
14296
17442
8479
-6482
-17232
-16560
-4970
9747
17711
13372
-284
-13980
-18383
-10629
4062
15833
16668
5966
-8995
-18039
-15055
-2150
12033
17883
11367
-3068
-15611
-17787
-8188
6745
16951
15425
3172
-11415
-18455
-13261
624
13912
17539
9004
-5902
-17010
-16823
-5529
9308
17657
13826
401
-13416
-18269
-10936
3652
15696
17023
6634
-8338
-17712
-15200
-2528
11817
18108
12046
-2286
-15045
-17618
-8338
6584
17129
16068
4074
-10631
-18054
-13246
524
14008
18072
9853
-5004
-16396
-16611
-5577
9302
17939
14482
1212
-12805
-18047
-11061
3451
15706
17392
7311
-7683
-17348
-15216
-2738
11701
18353
12617
-1613
-14597
-17564
-8578
6343
17137
16427
4664
-10115
-17823
-13318
323
13973
18372
10485
-4333
-15927
-16523
-5742
9178
18158
15066
1967
-12137
-17714
-11071
3348
15836
17886
8061
-6943
-16924
-15181
-2921
11570
18531
13140
-971
-14222
-17588
-8911
5964
16971
16608
5055
-9790
-17859
-13772
-319
13448
18213
10659
-4076
-15942
-16928
-6420
8520
17807
15077
2164
-12097
-18022
-11706
2607
15302
17750
8216
-6780
-17026
-15617
-3553
11046
18325
13303
-648
-13989
-17684
-9324
5479
16756
16817
5548
-9319
-17713
-14014
-777
13161
18316
11094
-3581
-15718
-17127
-6923
8019
17623
15315
2595
-11837
-18197
-12271
1938
14841
17694
8497
-6505
-17080
-16095
-4305
10413
18097
13481
-298
-13844
-17949
-9938
4837
16401
16886
5911
-9013
-17752
-14443
-1379
12721
18269
11436
-3106
-15431
-17204
-7312
7608
17501
15619
3191
-11277
-18013
-12450
1588
14696
17974
9103
-5817
-16657
-16109
-4614
10158
18183
13967
296
-13430
-17954
-10297
4383
16179
17120
6470
-8493
-17587
-14752
-1904
12317
18295
11916
-2510
-15138
-17432
-7909
7028
17336
15939
3754
-10898
-18049
-12902
1027
14369
18095
9614
-5295
-16456
-16372
-5172
9648
18076
14323
922
-12984
-17930
-10722
3810
15898
17379
7113
-7913
-17436
-15056
-2475
11846
18221
12250
-2055
-14905
-17666
-8525
6352
16924
15959
4064
-10668
-18202
-13532
145
13634
17810
9782
-5002
-16504
-16930
-6065
8811
17649
14404
1244
-12822
-18266
-11456
3011
15411
17299
7320
-7688
-17523
-15536
-3148
11349
18157
12556
-1626
-14715
-17804
-8927
5931
16794
16226
4576
-10212
-18080
-13775
-257
13395
17974
10238
-4546
-16293
-17044
-6431
8475
17592
14684
1651
-12578
-18365
-11928
2426
15032
17308
7635
-7385
-17539
-15969
-3843
10721
17895
12726
-1270
-14575
-18119
-9648
5181
16334
16268
4927
-9938
-18218
-14376
-1002
12910
17924
10571
-4158
-16152
-17336
-6977
7940
17404
14930
2178
-12155
-18340
-12253
1984
14787
17495
8167
-6827
-17279
-16175
-4338
10327
17834
13059
-797
-14293
-18278
-10178
4576
16063
16411
5363
-9564
-18206
-14775
-1629
12431
17857
10879
-3734
-16017
-17665
-7650
7322
17162
15137
2575
-11924
-18473
-12722
1440
14479
17579
8561
-6405
-17139
-16446
-4791
10003
17885
13484
-205
-13840
-18164
-10325
4382
16101
16824
6037
-8881
-17803
-14773
-1830
12324
18112
11538
-2924
-15441
-17525
-7809
7189
17313
15652
3345
-11265
-18207
-12870
1143
14419
17924
9232
-5755
-16779
-16412
-4949
9907
18111
14063
508
-13313
-17984
-10458
4211
16165
17255
6679
-8311
-17478
-14658
-1829
12467
18536
12195
-2229
-14858
-17154
-7629
7331
17634
16258
4097
-10532
-17662
-12540
1336
14683
18436
9974
-4928
-16104
-16038
-4846
9993
18440
14685
1237
-12699
-17705
-10428
4212
16346
17697
7297
-7762
-17194
-14702
-2038
12338
18652
12577
-1764
-14628
-17291
-8028
6888
17450
16435
4505
-10231
-17727
-13000
723
14306
18465
10322
-4565
-16054
-16399
-5449
9464
18262
14919
1683
-12409
-17803
-10958
3529
15894
17760
7779
-7268
-17096
-15148
-2792
11671
18487
12955
-1200
-14307
-17490
-8713
6184
17117
16654
5041
-9778
-17741
-13526
5
13731
18337
10622
-4166
-15926
-16778
-6200
8707
17878
15027
2050
-12160
-18053
-11648
2701
15359
17686
8025
-7033
-17217
-15717
-3577
11057
18255
13102
-912
-14218
-17813
-9366
5492
16724
16673
5308
-9600
-17896
-14070
-718
13215
18218
10854
-3878
-15931
-17188
-6915
8031
17518
15054
2257
-12137
-18382
-12340
1913
14788
17507
8193
-6812
-17293
-16180
-4282
10420
17985
13188
-713
-14222
-18171
-9996
4826
16313
16644
5555
-9385
-17995
-14475
-1283
12775
18150
11178
-3411
-15659
-17306
-7289
7658
17470
15407
2850
-11641
-18187
-12456
1685
14699
17796
8799
-6147
-16882
-16191
-4593
10136
18057
13698
-11
-13723
-18155
-10399
4341
16124
16924
6116
-8913
-17934
-14937
-1978
12219
18052
11471
-3038
-15583
-17706
-8073
6898
17061
15523
3220
-11410
-18427
-13149
829
14150
17744
9123
-5861
-16982
-16721
-5326
9553
17836
13879
329
-13516
-18290
-10837
3780
15745
16929
6466
-8543
-17874
-15297
-2563
11761
17961
11778
-2607
-15403
-17937
-8601
6357
16846
15653
3579
-11155
-18564
-13709
101
13564
17549
9287
-5616
-16993
-17188
-6153
8767
17432
13921
609
-13434
-18674
-11668
2879
15189
16889
6743
-8281
-18000
-15837
-3322
11179
17805
12058
-2177
-15157
-18106
-9121
5798
16615
15912
4169
-10602
-18352
-13927
-315
13369
17822
9981
-4839
-16509
-17170
-6414
8508
17524
14437
1327
-12855
-18480
-11830
2604
15136
17274
7488
-7547
-17563
-15822
-3574
10995
18021
12674
-1442
-14650
-18048
-9422
5464
16583
16374
4921
-9944
-18107
-14086
-632
13243
18131
10648
-4104
-16050
-17114
-6646
8364
17755
15106
2218
-12099
-18146
-11887
2433
15223
17774
8349
-6625
-17004
-15748
-3761
10917
18387
13486
-451
-13888
-17800
-9528
5297
16720
16941
5764
-9193
-17760
-14237
-1024
13025
18365
11285
-3385
-15612
-17196
-7116
7861
17628
15530
2960
-11505
-18074
-12370
1772
14818
17956
8991
-5995
-16818
-16130
-4461
10383
18348
13979
238
-13470
-17842
-10003
4735
16472
17232
6463
-8486
-17467
-14438
-1500
12688
18542
12029
-2447
-14974
-17107
-7507
7434
17648
16144
3917
-10714
-17812
-12651
1278
14606
18298
9793
-5170
-16344
-16212
-4954
9915
18324
14529
1075
-12839
-17798
-10527
4075
16200
17589
7229
-7822
-17293
-14833
-2120
12311
18684
12593
-1792
-14662
-17313
-8042
6962
17508
16428
4429
-10279
-17708
-12912
877
14388
18467
10254
-4627
-16048
-16337
-5363
9508
18211
14796
1509
-12555
-17881
-10947
3567
15903
17646
7578
-7435
-17197
-15155
-2745
11734
18420
12710
-1509
-14561
-17650
-8739
6158
17013
16420
4711
-10131
-18001
-13674
-63
13670
18214
10394
-4430
-16154
-16873
-6206
8755
17874
14924
1870
-12324
-18077
-11578
2823
15412
17647
7950
-7136
-17286
-15695
-3522
11080
18214
12930
-1155
-14475
-17985
-9451
5435
16553
16342
4857
-10054
-18279
-14333
-945
12882
17790
10317
-4447
-16455
-17566
-7144
7813
17176
14577
1720
-12635
-18764
-12587
1706
14528
17145
7725
-7305
-17685
-16453
-4472
10213
17689
12839
-1057
-14542
-18479
-10281
4555
16019
16306
5193
-9765
-18378
-14890
-1672
12398
17798
10783
-3890
-16216
-17849
-7786
7199
16994
14920
2341
-12194
-18800
-13109
1040
14083
17207
8209
-6777
-17523
-16822
-5242
9485
17411
13095
-585
-14254
-18671
-10927
3808
15579
16397
5636
-9344
-18331
-15290
-2307
11902
17754
11212
-3299
-15801
-17890
-8233
6754
16964
15439
3190
-11451
-18486
-13210
797
14137
17779
9188
-5768
-16888
-16704
-5384
9493
17868
14010
557
-13356
-18291
-10967
3684
15802
17125
6722
-8319
-17753
-15249
-2564
11824
18141
12084
-2241
-15056
-17706
-8458
6487
17048
16067
4160
-10569
-18038
-13331
415
13974
18172
10111
-4694
-16204
-16576
-5640
9289
18160
14907
1733
-12344
-17812
-11004
3501
15960
17873
7877
-7183
-17026
-15075
-2707
11800
18630
13109
-1039
-14167
-17388
-8607
6278
17260
16818
5208
-9638
-17650
-13471
49
13830
18542
10898
-3923
-15796
-16703
-6099
8874
18111
15276
2276
-12019
-17925
-11505
2894
15618
17977
8347
-6712
-16908
-15441
-3327
11298
18589
13535
-439
-13789
-17510
-9169
5660
16987
17127
5914
-8990
-17435
-13775
-490
13515
18751
11629
-3053
-15268
-16753
-6585
8432
18117
15879
3172
-11330
-17736
-11857
2364
15339
18267
9135
-5876
-16552
-15696
-3974
10761
18527
14022
279
-13350
-17640
-9744
5033
16707
17311
6412
-8583
-17458
-14262
-1231
12890
18565
11869
-2637
-15109
-17100
-7326
7640
17705
15995
3598
-10993
-17886
-12514
1509
14727
18185
9440
-5581
-16567
-16173
-4732
10072
18245
14168
585
-13265
-17973
-10461
4230
16161
17225
6603
-8439
-17711
-15019
-2209
12066
18157
11861
-2574
-15291
-17704
-8299
6655
17029
15750
3641
-11026
-18314
-13360
472
13900
17837
9495
-5428
-16733
-16792
-5695
9150
17753
14224
911
-13093
-18287
-11230
3302
15577
17243
7106
-7931
-17596
-15403
-2891
11569
18195
12397
-1886
-14891
-17807
-8770
6152
16915
16159
4361
-10431
-18178
-13691
-52
13576
17953
10045
-4784
-16422
-17033
-6278
8633
17623
14542
1431
-12772
-18416
-11786
2657
15206
17336
7543
-7490
-17539
-15815
-3542
11077
18143
12807
-1295
-14514
-17902
-9249
5623
16743
16536
5107
-9748
-17914
-13900
-432
13413
18336
10897
-3844
-15859
-16986
-6556
8444
17852
15300
2462
-11879
-18034
-11911
2324
15127
17805
8472
-6520
-16973
-15902
-4042
10653
18247
13502
-387
-13936
-17949
-9806
5022
16546
16916
5779
-9231
-17877
-14445
-1263
12796
18197
11226
-3371
-15653
-17317
-7322
7645
17498
15512
3004
-11519
-18165
-12551
1561
14692
17885
8919
-6077
-16921
-16308
-4665
10155
18154
13819
106
1
