3830
1673
-1201
-3163
-3013
-902
2007
3973
3876
1785
-1117
-3126
-3081
-989
1897
3902
3871
1816
-1069
-3125
-3171
-1161
1718
3753
3781
1759
-1136
-3217
-3319
-1371
1502
3580
3689
1768
-1147
-3286
-3439
-1535
1336
3449
3653
1756
-1143
-3307
-3531
-1658
1258
3466
3725
1859
-1009
-3235
-3522
-1662
1241
3464
3765
1948
-928
-3207
-3573
-1819
1032
3320
3745
1992
-877
-3172
-3586
-1880
1002
3324
3790
2091
-795
-3146
-3645
-2002
849
3227
3763
2170
-685
-3092
-3662
-2070
786
3219
3817
2249
-611
-3015
-3634
-2096
738
3198
3874
2367
-457
-2886
-3589
-2107
704
3198
3943
2505
-331
-2794
-3540
-2167
623
3158
3935
2544
-224
-2763
-3603
-2275
505
3082
3935
2595
-177
-2731
-3669
-2384
342
2917
3850
2593
-133
-2757
-3756
-2533
197
2801
3741
2515
-154
-2817
-3843
-2698
-14
2616
3690
2539
-147
-2817
-3932
-2838
-180
2486
3627
2560
-132
-2795
-3961
-2937
-304
2364
3543
2568
-91
-2794
-4011
-3041
-428
2289
3526
2579
-37
-2769
-4051
-3153
-524
2211
3535
2657
107
-2634
-3996
-3191
-623
2116
3485
2697
157
-2602
-4017
-3243
-708
2080
3540
2815
294
-2511
-3997
-3293
-821
1988
3507
2879
435
-2353
-3894
-3274
-829
1988
3564
3008
600
-2228
-3802
-3280
-866
2000
3623
3120
813
-2005
-3622
-3102
-742
2147
3857
3449
1145
-1671
-3338
-2938
-606
2315
4082
3748
1470
-1380
-3133
-2771
-496
2433
4229
3925
1691
-1169
-3035
-2767
-512
2399
4215
3992
1790
-1100
-2989
-2784
-613
2257
4147
4022
1862
-1021
-2957
-2864
-773
2117
4093
4005
1898
-1007
-3025
-3024
-1011
1892
3909
3904
1838
-1057
-3109
-3169
-1187
1681
3785
3835
1860
-1046
-3163
-3277
-1330
1563
3679
3817
1863
-1009
-3193
-3412
-1513
1366
3510
3761
1893
-1018
-3220
-3499
-1703
1197
3440
3745
1938
-928
-3188
-3547
-1789
1082
3373
3716
1935
-954
-3247
-3633
-1919
929
3235
3678
1949
-917
-3274
-3741
-2089
746
3129
3642
2013
-830
-3186
-3760
-2130
700
3077
3664
2076
-758
-3175
-3796
-2226
602
3036
3704
2173
-639
-3091
-3738
-2260
569
3032
3735
2273
-491
-3004
-3728
-2288
522
2986
3749
2348
-431
-2963
-3796
-2396
412
2963
3767
2409
-349
-2913
-3810
-2499
279
2832
3731
2435
-364
-2924
-3862
-2610
118
2735
3675
2432
-283
-2909
-3925
-2742
-12
2597
3614
2433
-277
-2947
-4012
-2883
-196
2455
3525
2429
-252
-2921
-4056
-2985
-321
2346
3534
2506
-146
-2832
-4027
-3028
-397
2353
3559
2601
-24
-2733
-3977
-3078
-466
2238
3522
2613
16
-2724
-4062
-3216
-653
2089
3444
2586
44
-2723
-4105
-3274
-757
2025
3440
2644
96
-2689
-4117
-3415
-909
1920
3404
2706
200
-2619
-4120
-3445
-991
1865
3423
2800
390
-2422
-4006
-3387
-916
1949
3543
2985
571
-2228
-3805
-3264
-856
2011
3663
3205
868
-1963
-3657
-3189
-800
2079
3803
3412
1111
-1761
-3486
-3074
-770
2122
3864
3483
1219
-1628
-3444
-3146
-882
2013
3815
3536
1296
-1586
-3418
-3158
-977
1903
3757
3554
1345
-1546
-3463
-3321
-1164
1731
3633
3450
1278
-1610
-3568
-3484
-1349
1522
3467
3399
1292
-1611
-3626
-3563
-1497
1387
3403
3385
1307
-1576
-3614
-3625
-1575
1334
3380
3442
1448
-1446
-3529
-3624
-1638
1257
3388
3508
1550
-1304
-3428
-3586
-1636
1275
3449
3618
1735
-1140
-3311
-3543
-1675
1224
3427
3694
1840
-1035
-3270
-3563
-1754
1165
3398
3708
1903
-961
-3208
-3596
-1826
1070
3340
3754
2014
-828
-3157
-3599
-1896
989
3327
3806
2151
-699
-3039
-3518
-1858
1022
3441
3976
2353
-480
-2831
-3400
-1805
1061
3490
4140
2604
-218
-2663
-3297
-1768
1072
3528
4210
2733
-92
-2564
-3247
-1830
956
3450
4200
2770
-21
-2530
-3326
-1920
854
3356
4173
2792
25
-2514
-3402
-2104
664
3223
4117
2812
31
-2566
-3528
-2253
492
3089
4120
2877
106
-2546
-3572
-2391
309
2938
3967
2819
127
-2560
-3651
-2519
191
2851
3936
2822
138
-2538
-3711
-2660
8
2706
3887
2850
194
-2516
-3734
-2729
-92
2633
3832
2870
259
-2499
-3753
-2863
-269
2483
3745
2869
278
-2488
-3795
-2953
-399
2381
3714
2848
312
-2449
-3884
-3102
-565
2211
3631
2907
427
-2361
-3834
-3105
-603
2229
3672
2993
550
-2250
-3759
-3091
-582
2280
3808
3185
739
-2081
-3638
-3019
-618
2233
3842
3327
957
-1886
-3520
-3018
-627
2196
3901
3426
1019
-1826
-3477
-3047
-702
2167
3877
3448
1146
-1718
-3484
-3117
-844
2036
3813
3469
1168
-1698
-3526
-3249
-1018
1870
3672
3391
1119
-1804
-3686
-3451
-1251
1640
3523
3310
1101
-1797
-3704
-3546
-1368
1521
3443
3277
1117
-1772
-3725
-3619
-1494
1405
3381
3298
1229
-1676
-3673
-3648
-1564
1363
3390
3373
1302
-1587
-3628
-3632
-1590
1329
3364
3381
1395
-1499
-3597
-3685
-1696
1177
3303
3403
1401
-1525
-3635
-3763
-1811
1058
3180
3355
1402
-1483
-3656
-3900
-2015
862
3032
3279
1438
-1448
-3655
-3915
-2075
787
3042
3367
1571
-1286
-3559
-3901
-2102
796
3079
3469
1697
-1157
-3490
-3874
-2108
768
3096
3522
1808
-1043
-3357
-3799
-2098
802
3143
3666
1991
-838
-3209
-3727
-2105
739
3134
3718
2117
-737
-3126
-3727
-2146
708
3144
3757
2227
-589
-2986
-3647
-2157
639
3104
3807
2330
-511
-2993
-3713
-2243
596
3078
3815
2380
-419
-2920
-3706
-2317
464
3019
3857
2466
-289
-2835
-3678
-2352
423
3002
3917
2599
-142
-2714
-3665
-2394
355
2953
3896
2649
-73
-2682
-3663
-2415
293
2899
3886
2690
-26
-2650
-3709
-2535
186
2822
3873
2713
13
-2640
-3722
-2588
90
2778
3889
2763
89
-2624
-3769
-2713
-56
2659
3809
2794
146
-2553
-3746
-2741
-75
2645
3846
2905
273
-2431
-3657
-2717
-91
2659
3960
3055
494
-2217
-3552
-2676
-64
2694
4052
3219
626
-2148
-3529
-2712
-150
2628
4052
3285
746
-2057
-3475
-2746
-246
2549
3991
3284
783
-2057
-3531
-2887
-447
2377
3875
3238
770
-2053
-3628
-3086
-690
2167
3754
3183
734
-2145
-3766
-3280
-891
1980
3604
3111
716
-2140
-3819
-3360
-999
1869
3556
3111
782
-2078
-3797
-3379
-1095
1778
3527
3167
883
-1988
-3731
-3392
-1133
1708
3491
3235
1000
-1884
-3697
-3435
-1200
1719
3599
3378
1147
-1767
-3635
-3443
-1292
1599
3483
3308
1170
-1747
-3681
-3555
-1451
1456
3434
3322
1189
-1687
-3664
-3633
-1554
1333
3324
3329
1287
-1592
-3623
-3635
-1591
1314
3373
3432
1433
-1460
-3521
-3598
-1608
1294
3396
3546
1607
-1288
-3402
-3563
-1623
1313
3479
3676
1762
-1111
-3270
-3516
-1643
1257
3455
3737
1923
-948
-3170
-3499
-1673
1219
3491
3801
1988
-882
-3149
-3477
-1715
1173
3427
3827
2078
-814
-3133
-3528
-1770
1108
3403
3832
2133
-733
-3083
-3547
-1889
986
3344
3864
2168
-679
-3062
-3598
-2011
850
3248
3807
2214
-610
-3056
-3667
-2099
715
3162
3810
2293
-532
-3012
-3692
-2192
608
3065
3777
2290
-526
-3016
-3762
-2304
502
3025
3787
2357
-431
-2989
-3806
-2432
339
2863
3720
2374
-427
-2989
-3855
-2524
210
2767
3659
2382
-348
-2961
-3909
-2675
38
2647
3623
2392
-358
-2963
-3968
-2724
13
2637
3654
2482
-215
-2847
-3906
-2790
-94
2586
3704
2604
-38
-2717
-3840
-2757
-84
2630
3813
2819
180
-2505
-3705
-2708
-15
2714
3956
2980
375
-2330
-3609
-2706
-108
2647
3910
3053
461
-2330
-3638
-2809
-223
2522
3887
3040
474
-2291
-3718
-2956
-442
2318
3719
2988
469
-2380
-3855
-3152
-715
2100
3535
2867
402
-2400
-3946
-3316
-869
1915
3483
2867
431
-2423
-4027
-3456
-1041
1815
3454
2915
489
-2325
-3956
-3449
-1098
1751
3444
3009
637
-2196
-3902
-3501
-1145
1736
3485
3089
812
-2038
-3805
-3413
-1096
1776
3561
3239
974
-1900
-3698
-3425
-1216
1691
3559
3303
1052
-1831
-3722
-3484
-1255
1630
3526
3377
1168
-1760
-3681
-3499
-1322
1593
3527
3421
1281
-1610
-3576
-3483
-1362
1608
3576
3541
1500
-1393
-3424
-3409
-1312
1618
3651
3689
1676
-1212
-3275
-3342
-1304
1627
3704
3789
1822
-1079
-3165
-3307
-1327
1571
3735
3923
1993
-892
-3005
-3210
-1308
1609
3813
4075
2218
-675
-2873
-3120
-1270
1617
3885
4170
2369
-503
-2774
-3083
-1254
1638
3906
4267
2505
-374
-2638
-3030
-1296
1577
3937
4348
2620
-243
-2597
-3077
-1439
1440
3807
4371
2727
-110
-2500
-3086
-1494
1334
3729
4317
2719
-128
-2555
-3178
-1651
1170
3600
4264
2742
-124
-2624
-3333
-1900
910
3368
4064
2637
-198
-2728
-3520
-2128
669
3183
3968
2581
-218
-2775
-3646
-2299
462
3024
3872
2514
-264
-2829
-3727
-2446
316
2899
3829
2561
-175
-2763
-3736
-2493
245
2868
3825
2634
-98
-2730
-3773
-2589
122
2719
3795
2677
-41
-2707
-3817
-2732
-42
2642
3773
2688
-35
-2702
-3886
-2878
-235
2471
3687
2664
16
-2669
-3918
-2977
-336
2406
3670
2753
128
-2610
-3926
-3052
-473
2276
3573
2705
113
-2680
-4090
-3286
-735
2048
3450
2639
93
-2708
-4110
-3359
-847
1932
3374
2679
189
-2608
-4092
-3397
-917
1869
3394
2786
327
-2506
-4054
-3449
-1017
1822
3422
2856
455
-2392
-3982
-3435
-1031
1802
3451
2973
644
-2248
-3933
-3518
-1224
1663
3355
2920
583
-2287
-4037
-3699
-1365
1495
3234
2885
565
-2317
-4103
-3788
-1544
1345
3174
2871
593
-2286
-4144
-3897
-1677
1242
3122
2941
750
-2140
-4023
-3805
-1637
1272
3207
3102
967
-1909
-3859
-3732
-1553
1371
3355
3304
1197
-1688
-3675
-3633
-1572
1350
3382
3403
1334
-1566
-3613
-3664
-1638
1282
3336
3386
1383
-1505
-3602
-3706
-1746
1163
3274
3414
1476
-1410
-3579
-3760
-1855
1016
3210
3452
1602
-1304
-3540
-3827
-1984
920
3169
3476
1667
-1190
-3474
-3806
-1985
920
3232
3625
1839
-1055
-3359
-3763
-2003
892
3234
3687
1988
-872
-3235
-3685
-1986
878
3259
3772
2120
-729
-3124
-3664
-2002
852
3264
3865
2285
-577
-3011
-3620
-2049
803
3207
3843
2296
-507
-2966
-3656
-2135
701
3169
3867
2358
-479
-2941
-3681
-2213
587
3093
3842
2398
-401
-2924
-3701
-2293
520
3065
3900
2575
-190
-2755
-3603
-2228
542
3149
4055
2744
-9
-2570
-3488
-2211
576
3177
4151
2946
187
-2435
-3402
-2167
588
3222
4226
3068
364
-2292
-3354
-2235
479
3177
4266
3159
479
-2217
-3360
-2293
370
3039
4201
3131
444
-2256
-3435
-2410
228
2938
4153
3160
553
-2176
-3466
-2548
60
2808
4095
3190
596
-2163
-3497
-2617
-2
2754
4086
3247
687
-2059
-3435
-2614
-62
2695
4120
3338
797
-1951
-3391
-2647
-123
2698
4162
3422
891
-1912
-3392
-2743
-270
2557
4087
3437
942
-1896
-3447
-2819
-376
2435
3966
3372
907
-1958
-3544
-3001
-554
2288
3909
3386
948
-1912
-3552
-3042
-655
2200
3868
3378
1014
-1863
-3559
-3129
-790
2078
3798
3373
1063
-1803
-3535
-3165
-868
2020
3797
3445
1114
-1774
-3571
-3236
-953
1938
3752
3460
1238
-1644
-3497
-3254
-1007
1886
3761
3512
1294
-1622
-3516
-3319
-1132
1783
3682
3538
1372
-1536
-3502
-3373
-1227
1704
3665
3550
1405
-1485
-3456
-3394
-1319
1588
3603
3616
1550
-1363
-3393
-3440
-1392
1492
3527
3631
1638
-1271
-3359
-3425
-1439
1483
3603
3740
1805
-1060
-3201
-3388
-1460
1470
3636
3848
1959
-924
-3126
-3374
-1507
1368
3592
3887
2002
-862
-3081
-3433
-1604
1269
3513
3834
2049
-834
-3078
-3464
-1712
1194
3449
3839
2126
-757
-3098
-3533
-1858
1015
3360
3805
2120
-752
-3126
-3640
-1989
856
3217
3755
2167
-688
-3085
-3677
-2087
773
3200
3841
2291
-527
-3002
-3653
-2110
751
3215
3900
2358
-442
-2937
-3610
-2132
676
3164
3918
2459
-358
-2853
-3603
-2196
573
3084
3898
2485
-317
-2860
-3729
-2360
439
3005
3850
2503
-331
-2890
-3820
-2548
208
2765
3691
2405
-399
-2987
-3986
-2777
-77
2565
3564
2338
-409
-3037
-4083
-2907
-227
2466
3521
2392
-334
-2987
-4098
-2960
-256
2425
3576
2505
-156
-2840
-4016
-2990
-327
2372
3572
2574
-43
-2746
-3960
-3012
-365
2378
3638
2712
78
-2658
-3950
-3067
-486
2261
3599
2739
135
-2623
-3977
-3169
-595
2195
3597
2815
255
-2500
-3909
-3116
-586
2202
3659
2944
434
-2348
-3852
-3187
-677
2126
3648
3001
517
-2301
-3846
-3215
-757
2085
3666
3098
654
-2169
-3756
-3152
-736
2120
3723
3211
826
-2027
-3672
-3181
-782
2092
3733
3248
913
-1951
-3632
-3173
-850
2001
3722
3342
1024
-1877
-3611
-3254
-958
1909
3669
3301
1011
-1874
-3672
-3400
-1138
1734
3534
3247
990
-1910
-3747
-3482
-1275
1615
3492
3270
1056
-1840
-3747
-3558
-1371
1522
3394
3250
1093
-1791
-3707
-3598
-1440
1448
3429
3351
1238
-1671
-3686
-3648
-1557
1362
3395
3370
1296
-1597
-3669
-3687
-1624
1294
3385
3402
1363
-1521
-3611
-3711
-1719
1194
3306
3433
1455
-1462
-3649
-3792
-1868
1059
3228
3424
1499
-1397
-3589
-3817
-1927
951
3160
3421
1543
-1359
-3584
-3878
-2026
908
3160
3476
1661
-1205
-3437
-3785
-1979
911
3226
3641
1882
-990
-3272
-3648
-1907
983
3339
3816
2113
-749
-3072
-3553
-1832
1042
3413
3940
2288
-553
-2917
-3455
-1824
1032
3449
4034
2433
-426
-2846
-3494
-1942
933
3327
3953
2399
-490
-2967
-3665
-2194
602
3087
3784
2296
-529
-3042
-3826
-2415
376
2871
3639
2210
-596
-3110
-3946
-2565
231
2754
3570
2217
-551
-3144
-4004
-2637
174
2714
3604
2286
-472
-3066
-3988
-2704
43
2638
3572
2316
-409
-3010
-3998
-2794
-23
2606
3624
2478
-260
-2903
-3973
-2833
-146
2539
3645
2518
-178
-2864
-3982
-2924
-206
2486
3610
2555
-112
-2824
-3998
-2976
-318
2434
3646
2657
6
-2732
-3973
-3004
-376
2384
3639
2725
126
-2617
-3968
-3080
-465
2295
3623
2760
198
-2556
-3927
-3117
-551
2257
3666
2863
315
-2467
-3901
-3128
-599
2220
3670
2953
442
-2351
-3872
-3175
-747
2087
3622
2958
473
-2385
-3905
-3300
-844
2000
3585
3010
576
-2278
-3909
-3371
-959
1880
3493
2970
568
-2284
-3970
-3487
-1087
1794
3489
3003
658
-2205
-3912
-3477
-1121
1730
3466
3103
758
-2111
-3881
-3514
-1213
1696
3514
3170
899
-1965
-3797
-3477
-1201
1709
3544
3281
1039
-1852
-3720
-3495
-1248
1672
3572
3372
1152
-1728
-3625
-3455
-1267
1627
3575
3442
1266
-1613
-3546
-3470
-1338
1573
3574
3510
1397
-1498
-3484
-3431
-1356
1562
3569
3556
1517
-1398
-3447
-3465
-1442
1468
3567
3623
1632
-1225
-3321
-3388
-1424
1486
3629
3768
1825
-1059
-3205
-3402
-1454
1480
3673
3891
1979
-879
-3039
-3276
-1391
1512
3751
4040
2175
-711
-2957
-3225
-1391
1529
3831
4155
2371
-510
-2783
-3196
-1453
1423
3734
4145
2430
-450
-2840
-3305
-1631
1255
3563
4011
2317
-561
-2929
-3475
-1808
1030
3395
3904
2222
-600
-2997
-3583
-2032
837
3263
3857
2281
-582
-3040
-3707
-2221
618
3074
3761
2248
-597
-3099
-3799
-2334
495
2977
3730
2325
-512
-3079
-3880
-2483
343
2869
3696
2287
-501
-3040
-3884
-2546
233
2756
3638
2343
-425
-3023
-3964
-2698
80
2686
3661
2402
-349
-2963
-3971
-2729
23
2643
3653
2444
-281
-2919
-3978
-2840
-125
2546
3620
2508
-197
-2880
-3947
-2843
-172
2509
3627
2543
-131
-2815
-3954
-2896
-237
2499
3736
2743
109
-2616
-3852
-2877
-249
2497
3759
2847
231
-2520
-3814
-2889
-272
2483
3840
2965
381
-2399
-3774
-2945
-369
2420
3812
2990
453
-2332
-3769
-2999
-451
2337
3774
3029
514
-2263
-3789
-3087
-589
2230
3721
3066
558
-2319
-3885
-3269
-818
2023
3600
2990
535
-2343
-3955
-3396
-983
1845
3493
2961
567
-2303
-3975
-3494
-1080
1807
3499
3045
668
-2215
-3932
-3490
-1156
1732
3509
3145
835
-2034
-3825
-3486
-1188
1709
3508
3215
974
-1905
-3768
-3480
-1245
1638
3509
3226
991
-1894
-3795
-3577
-1402
1510
3427
3237
1051
-1833
-3744
-3608
-1459
1428
3417
3336
1202
-1657
-3616
-3538
-1415
1532
3574
3549
1488
-1398
-3410
-3417
-1360
1573
3649
3702
1684
-1196
-3214
-3292
-1282
1629
3742
3843
1905
-1014
-3104
-3204
-1246
1666
3826
4009
2087
-825
-3017
-3222
-1334
1582
3792
4046
2196
-709
-2914
-3181
-1334
1571
3772
4077
2281
-644
-2919
-3251
-1462
1404
3673
4065
2305
-624
-2951
-3343
-1633
1241
3586
4030
2309
-601
-2957
-3462
-1826
1016
3380
3916
2294
-569
-3001
-3560
-1969
878
3301
3891
2291
-578
-3043
-3668
-2120
710
3137
3780
2215
-624
-3084
-3787
-2316
527
3008
3725
2238
-567
-3086
-3864
-2429
392
2917
3689
2284
-534
-3091
-3905
-2537
243
2811
3605
2237
-551
-3134
-4028
-2684
79
2618
3492
2175
-593
-3206
-4198
-2925
-165
2459
3394
2127
-640
-3258
-4235
-3026
-293
2357
3362
2191
-533
-3180
-4208
-3032
-315
2373
3445
2331
-358
-3021
-4083
-2958
-277
2433
3569
2477
-213
-2901
-4060
-3040
-387
2326
3538
2568
-63
-2761
-3996
-3048
-381
2351
3574
2622
-25
-2762
-4060
-3139
-561
2163
3458
2576
-21
-2768
-4143
-3291
-709
2093
3456
2667
110
-2674
-4087
-3312
-763
2032
3513
2785
266
-2536
-3994
-3262
-712
2100
3610
2947
495
-2299
-3797
-3177
-689
2163
3750
3156
718
-2118
-3695
-3099
-662
2211
3841
3317
891
-1939
-3574
-3081
-688
2176
3827
3364
993
-1876
-3546
-3100
-756
2103
3851
3456
1126
-1780
-3519
-3126
-805
2094
3893
3567
1286
-1615
-3416
-3079
-804
2103
3915
3662
1448
-1445
-3305
-3057
-812
2110
4016
3834
1661
-1237
-3157
-2995
-812
2097
4015
3897
1756
-1136
-3083
-2960
-843
2094
4073
3983
1875
-1028
-3035
-2985
-924
1986
4028
4034
1981
-932
-3008
-3089
-1064
1816
3862
3921
1901
-1029
-3170
-3276
-1323
1568
3687
3820
1859
-1043
-3239
-3445
-1546
1359
3535
3716
1778
-1135
-3375
-3617
-1785
1124
3319
3577
1648
-1266
-3513
-3839
-2008
883
3121
3436
1621
-1290
-3580
-3988
-2231
635
2932
3286
1547
-1332
-3625
-4081
-2360
505
2840
3306
1615
-1255
-3609
-4136
-2475
377
2745
3338
1717
-1113
-3516
-4134
-2535
328
2741
3384
1825
-1020
-3461
-4110
-2582
278
2695
3358
1866
-937
-3385
-4131
-2674
142
2645
3418
1948
-870
-3368
-4162
-2771
38
2604
3440
2084
-689
-3259
-4110
-2763
22
2620
3522
2254
-495
-3063
-3967
-2667
124
2730
3702
2469
-265
-2883
-3874
-2630
110
2765
3826
2653
-49
-2714
-3778
-2631
100
2792
3872
2745
53
-2644
-3742
-2655
8
2711
3851
2815
154
-2566
-3743
-2747
-93
2625
3826
2816
180
-2568
-3822
-2868
-261
2486
3726
2794
171
-2609
-3939
-3081
-501
2263
3583
2736
164
-2610
-4005
-3191
-622
2160
3548
2793
249
-2523
-3982
-3226
-710
2103
3554
2857
373
-2404
-3905
-3220
-721
2119
3638
3045
608
-2231
-3794
-3201
-729
2139
3730
3193
799
-2021
-3662
-3106
-682
2155
3809
3310
945
-1859
-3528
-3069
-684
2203
3919
3491
1152
-1699
-3409
-3002
-669
2224
4000
3658
1352
-1550
-3298
-2934
-653
2235
4087
3813
1563
-1298
-3112
-2832
-571
2311
4202
3988
1770
-1092
-2961
-2755
-544
2361
4284
4107
1970
-933
-2891
-2762
-615
2286
4219
4143
2017
-871
-2892
-2823
-761
2144
4150
4108
2030
-867
-2934
-2994
-970
1911
3981
4022
1996
-943
-3067
-3167
-1195
1688
3778
3908
1943
-979
-3137
-3330
-1413
1473
3619
3803
1895
-1037
-3253
-3499
-1617
1288
3476
3764
1888
-993
-3222
-3529
-1701
1169
3403
3720
1935
-973
-3240
-3621
-1872
1039
3329
3721
1979
-900
-3232
-3656
-1936
898
3235
3675
1969
-919
-3277
-3782
-2129
740
3119
3627
1989
-911
-3345
-3914
-2283
599
3028
3600
2035
-829
-3277
-3880
-2298
556
3026
3699
2147
-682
-3128
-3794
-2263
568
3025
3722
2224
-602
-3079
-3809
-2326
494
2983
3721
2292
-519
-3014
-3814
-2405
400
2940
3758
2357
-476
-3053
-3906
-2556
202
2726
3625
2290
-498
-3088
-4025
-2729
19
2578
3510
2249
-490
-3095
-4117
-2865
-144
2478
3499
2290
-462
-3104
-4136
-2988
-282
2376
3395
2262
-445
-3131
-4268
-3197
-484
2185
3303
2246
-448
-3146
-4305
-3244
-582
2105
3303
2269
-381
-3106
-4349
-3359
-692
2031
3275
2310
-288
-3033
-4312
-3401
-741
1985
3245
2333
-232
-2974
-4280
-3399
-793
1964
3320
2459
-77
-2822
-4233
-3434
-886
1953
3358
2569
51
-2731
-4165
-3404
-846
1992
3481
2797
297
-2508
-3999
-3245
-728
2101
3631
3002
570
-2228
-3726
-3057
-560
2297
3890
3327
925
-1856
-3408
-2828
-378
2488
4145
3614
1215
-1621
-3223
-2717
-324
2516
4213
3744
1391
-1448
-3166
-2751
-387
2492
4188
3787
1466
-1402
-3177
-2821
-527
2364
4135
3785
1471
-1427
-3256
-2959
-707
2172
3984
3695
1476
-1435
-3321
-3136
-972
1906
3782
3576
1346
-1550
-3479
-3292
-1161
1716
3619
3481
1316
-1583
-3579
-3497
-1434
1484
3465
3421
1356
-1570
-3595
-3578
-1526
1363
3385
3422
1367
-1545
-3623
-3708
-1721
1196
3258
3345
1342
-1573
-3682
-3811
-1861
1036
3190
3333
1350
-1553
-3722
-3935
-2045
869
3052
3294
1408
-1499
-3721
-4020
-2192
678
2941
3241
1413
-1460
-3729
-4078
-2285
625
2900
3296
1553
-1298
-3568
-3984
-2243
683
3017
3475
1807
-1068
-3416
-3904
-2223
695
3088
3629
1984
-842
-3218
-3779
-2204
689
3126
3721
2153
-667
-3095
-3726
-2168
717
3185
3863
2325
-550
-3038
-3713
-2275
541
3032
3773
2302
-565
-3054
-3836
-2420
367
2903
3684
2288
-562
-3095
-3945
-2614
141
2717
3566
2249
-505
-3065
-3993
-2743
33
2615
3559
2278
-431
-3043
-4040
-2811
-80
2567
3568
2380
-330
-2968
-4006
-2829
-127
2564
3639
2508
-180
-2811
-3937
-2818
-161
2506
3677
2592
-96
-2787
-3946
-2894
-221
2460
3658
2621
-36
-2772
-3986
-3018
-397
2348
3578
2610
3
-2697
-3974
-3074
-492
2266
3573
2696
78
-2661
-3959
-3092
-518
2287
3689
2902
380
-2401
-3796
-2964
-367
2460
3917
3167
662
-2108
-3532
-2773
-232
2618
4163
3481
991
-1811
-3281
-2610
-116
2744
4293
3637
1190
-1619
-3188
-2575
-149
2702
4336
3750
1322
-1532
-3175
-2681
-294
2569
4245
3766
1370
-1525
-3243
-2814
-457
2366
4062
3620
1270
-1604
-3402
-3054
-784
2123
3889
3530
1195
-1681
-3506
-3224
-973
1929
3733
3436
1214
-1665
-3528
-3278
-1066
1839
3711
3480
1244
-1636
-3530
-3342
-1189
1740
3674
3528
1381
-1524
-3460
-3380
-1240
1673
3652
3589
1518
-1371
-3385
-3377
-1274
1639
3671
3655
1579
-1360
-3425
-3416
-1373
1488
3557
3608
1560
-1327
-3440
-3534
-1551
1338
3427
3526
1570
-1337
-3424
-3597
-1673
1261
3432
3595
1684
-1185
-3376
-3579
-1695
1210
3442
3735
1892
-1010
-3214
-3470
-1624
1285
3541
3877
2073
-801
-3053
-3378
-1620
1280
3562
3965
2239
-660
-3012
-3416
-1673
1227
3569
4041
2342
-514
-2888
-3409
-1738
1124
3493
4033
2405
-460
-2888
-3475
-1872
974
3364
3985
2413
-422
-2882
-3513
-1981
857
3349
4006
2459
-345
-2819
-3541
-2077
705
3212
3953
2497
-299
-2825
-3645
-2251
527
3044
3881
2509
-318
-2918
-3809
-2504
287
2890
3755
2479
-291
-2897
-3860
-2619
70
2645
3565
2311
-445
-3045
-4061
-2873
-139
2477
3491
2277
-410
-3072
-4143
-3004
-302
2361
3452
2362
-358
-3062
-4182
-3078
-398
2342
3508
2493
-154
-2848
-4042
-3040
-368
2387
3629
2663
13
-2696
-3906
-2952
-319
2485
3771
2864
255
-2483
-3782
-2885
-280
2504
3824
2978
406
-2350
-3694
-2857
-301
2480
3872
3075
526
-2273
-3712
-2944
-407
2426
3858
3093
573
-2234
-3715
-3015
-503
2320
3832
3143
674
-2149
-3696
-3102
-620
2216
3768
3168
708
-2111
-3705
-3182
-772
2029
3651
3150
752
-2097
-3763
-3269
-906
1937
3598
3152
788
-2070
-3810
-3403
-1071
1805
3523
3117
810
-2101
-3871
-3520
-1225
1637
3414
3087
823
-2043
-3865
-3609
-1381
1500
3352
3108
911
-1994
-3870
-3660
-1448
1430
3311
3167
965
-1917
-3853
-3724
-1573
1368
3339
3209
1078
-1803
-3815
-3744
-1615
1289
3312
3250
1153
-1740
-3775
-3758
-1670
1229
3288
3368
1370
-1540
-3614
-3641
-1598
1351
3466
3567
1633
-1248
-3367
-3468
-1512
1430
3585
3765
1864
-1007
-3172
-3337
-1396
1506
3708
3971
2112
-780
-2985
-3244
-1373
1542
3804
4111
2283
-580
-2853
-3205
-1419
1474
3807
4184
2417
-440
-2715
-3181
-1440
1438
3764
4187
2510
-359
-2673
-3170
-1511
1329
3700
4229
2614
-255
-2678
-3239
-1691
1153
3568
4173
2620
-220
-2706
-3359
-1851
968
3401
4088
2590
-260
-2756
-3529
-2101
691
3184
3941
2490
-348
-2887
-3715
-2336
450
3007
3813
2430
-384
-2977
-3835
-2526
188
2765
3666
2362
-437
-3056
-4034
-2791
-43
2520
3506
2290
-468
-3121
-4144
-2947
-216
2405
3430
