-980
-448
260
856
1328
1620
1736
1328
-1288
-848
-168
456
1020
1476
1720
1692
-1528
-1116
-584
28
736
1192
1608
1764
-1628
-1340
-1040
-460
312
936
1332
1680
-1552
-1508
-1188
-744
-108
552
1148
1520
-1392
-1648
-1448
-1092
-564
112
708
1312
-1344
-1480
-1628
-1404
-884
-364
324
920
-1060
-1380
-1508
-1496
-1240
-668
-140
600
-608
-1208
-1412
-1536
-1420
-1060
-572
72
-136
-848
-1256
-1444
-1556
-1296
-848
-300
400
-372
-1016
-1292
-1500
-1468
-1080
-704
728
168
-684
-1216
-1404
-1608
-1436
-1076
1000
568
-100
-876
-1284
-1472
-1568
-1344
1312
824
316
-420
-1156
-1328
-1552
-1608
1612
1016
604
96
-712
-1348
-1508
-1644
1768
1380
864
408
-204
-1032
-1448
-1592
1640
1664
1184
688
236
-476
-1208
-1508
1536
1728
1660
1052
596
104
-708
-1424
1292
1576
1708
1432
864
416
-160
-1000
1096
1436
1672
1712
1296
732
308
-420
748
1264
1552
1744
1672
1092
488
112
200
896
1316
1504
1668
1468
968
432
-316
436
1008
1400
1604
1724
1316
688
-632
-96
616
1212
1484
1668
1680
1128
-968
-512
156
872
1336
1616
1752
1592
-1344
-808
-288
416
1088
1400
1700
1804
-1584
-1172
-684
-52
624
1252
1544
1704
-1588
-1424
-940
-416
204
816
1396
1668
-1536
-1572
-1256
-824
-292
388
1052
1480
-1496
-1520
-1596
-1200
-640
-112
592
1168
-1360
-1464
-1620
-1492
-988
-516
132
792
-1104
-1468
-1540
-1692
-1380
-920
-300
348
-656
-1224
-1492
-1620
-1616
-1208
-736
-172
-68
-868
-1372
-1560
-1572
-1536
-1076
-532
364
-288
-1016
-1448
-1472
-1608
-1392
-880
736
268
-532
-1176
-1420
-1532
-1552
-1268
1032
548
72
-752
-1292
-1436
-1576
-1448
1488
908
428
-240
-1016
-1448
-1428
-1572
1816
1244
708
232
-460
-1208
-1420
-1524
1832
1632
1084
620
60
-760
-1300
-1472
1716
1780
1468
984
424
-184
-996
-1408
1548
1772
1700
1332
760
252
-460
-1188
1360
1616
1728
1672
1128
564
68
-660
952
1440
1612
1752
1548
908
440
-212
456
1088
1472
1724
1660
1348
756
224
-36
644
1160
1504
1620
1580
1120
544
-552
68
704
1236
1492
1544
1376
900
-976
-452
292
880
1272
1504
1500
1296
-1340
-756
-244
452
1076
1376
1584
1520
-1672
-1212
-592
0
660
1136
1468
1568
-1780
-1604
-1036
-496
152
820
1308
1520
-1780
-1792
-1452
-828
-336
388
1040
1304
-1700
-1800
-1748
-1280
-696
-84
648
1116
-1596
-1704
-1748
-1544
-1020
-512
164
812
-1360
-1616
-1736
-1732
-1348
-788
-272
400
-872
-1456
-1584
-1640
-1628
-1188
-708
-48
-312
-1092
-1516
-1644
-1708
-1556
-1024
-492
224
-556
-1268
-1540
-1656
-1668
-1300
-820
496
24
-768
-1356
-1532
-1612
-1556
-1104
896
448
-172
-972
-1352
-1504
-1532
-1444
1396
784
360
-320
-1072
-1380
-1460
-1540
1768
1204
736
164
-536
-1220
-1328
-1512
1944
1656
1076
616
112
-708
-1320
-1392
1832
1888
1508
908
404
-212
-1020
-1384
1708
1804
1832
1260
796
268
-412
-1064
1532
1720
1892
1736
1100
668
104
-696
1244
1656
1840
1900
1548
908
492
-140
804
1396
1676
1840
1820
1316
780
284
360
1032
1560
1768
1916
1704
1144
620
-116
512
1200
1608
1832
1900
1544
1000
-460
104
800
1392
1672
1848
1868
1316
-892
-232
308
1024
1492
1744
1940
1780
-1220
-644
-156
544
1164
1584
1784
1836
-1488
-1096
-568
20
708
1308
1560
1816
-1588
-1432
-1004
-424
160
936
1352
1648
-1528
-1612
-1344
-820
-244
392
1068
1460
-1500
-1612
-1600
-1200
-676
-104
576
1236
-1364
-1528
-1616
-1524
-1024
-512
96
740
-1088
-1468
-1616
-1700
-1424
-896
-404
300
-664
-1300
-1548
-1624
-1712
-1296
-764
-184
-216
-1020
-1484
-1608
-1704
-1676
-1160
-644
164
-472
-1208
-1628
-1736
-1844
-1576
-1108
448
-112
-888
-1484
-1776
-1820
-1792
-1516
728
264
-416
-1156
-1640
-1816
-1968
-1804
1080
564
8
-644
-1408
-1776
-1900
-2000
1360
844
476
-144
-944
-1492
-1796
-1904
1524
1192
708
244
-376
-1196
-1680
-1840
1480
1504
1052
560
160
-700
-1368
-1700
1288
1528
1268
836
392
-44
-932
-1520
1064
1432
1528
1248
748
316
-344
-1104
876
1228
1548
1600
1144
692
248
-536
516
976
1372
1640
1492
988
580
96
112
808
1224
1572
1756
1420
884
448
-360
352
1024
1392
1656
1808
1268
812
-616
-88
664
1248
1504
1796
1744
1216
-864
-416
248
996
1428
1704
1924
1700
-1204
-752
-132
524
1220
1576
1768
1968
-1452
-980
-508
-24
756
1384
1676
1904
-1464
-1420
-868
-324
248
1044
1512
1776
-1292
-1460
-1200
-660
-76
540
1196
1688
-1168
-1408
-1416
-988
-496
12
772
1360
-1168
-1252
-1512
-1372
-832
-356
228
1020
-916
-1260
-1304
-1496
-1240
-692
-172
468
-384
-1140
-1344
-1436
-1544
-1160
-644
-124
168
-648
-1224
-1380
-1484
-1500
-980
-456
552
-56
-888
-1352
-1396
-1512
-1376
-816
796
340
-384
-1076
-1352
-1472
-1572
-1308
1132
556
116
-660
-1320
-1456
-1616
-1532
1512
964
396
-96
-924
-1356
-1520
-1672
1752
1292
728
256
-420
-1172
-1480
-1568
1716
1584
1164
612
112
-636
-1300
-1524
1624
1732
1540
992
440
-112
-872
-1400
1388
1640
1680
1380
796
260
-288
-1132
1180
1472
1612
1676
1152
588
116
-592
780
1204
1512
1636
1476
932
468
-68
260
952
1328
1556
1676
1340
788
272
-200
484
1092
1476
1608
1612
1156
616
-512
40
700
1228
1528
1664
1516
1028
-956
-400
272
940
1408
1540
1732
1432
-1248
-748
-180
508
1072
1496
1736
1672
-1504
-1092
-592
16
684
1240
1604
1768
-1632
-1360
-944
-368
304
908
1380
1660
-1552
-1520
-1244
-780
-84
560
1096
1552
-1548
-1600
-1456
-1124
-644
96
724
1236
-1368
-1556
-1628
-1376
-1012
-392
308
900
-1192
-1472
-1584
-1596
-1260
-824
-216
488
-784
-1284
-1548
-1596
-1552
-1052
-624
28
-184
-956
-1316
-1536
-1580
-1396
-932
-444
