299
454
279
-85
-455
-609
-459
-91
303
472
316
-78
-475
-621
-491
-161
190
370
233
-127
-538
-721
-599
-242
139
309
177
-151
-538
-751
-642
-264
108
268
163
-177
-554
-756
-642
-281
90
300
158
-161
-537
-718
-646
-313
88
307
205
-140
-523
-746
-680
-333
49
242
162
-162
-568
-791
-698
-388
10
216
155
-189
-575
-821
-771
-452
-37
187
131
-198
-635
-882
-850
-486
-105
167
154
-177
-578
-849
-833
-511
-124
146
136
-162
-545
-827
-798
-494
-92
218
207
-63
-492
-760
-746
-446
-61
244
248
-46
-416
-689
-671
-383
16
343
352
96
-320
-637
-631
-366
85
388
387
136
-255
-526
-536
-292
126
419
441
154
-247
-529
-556
-278
135
435
468
203
-165
-479
-506
-268
107
443
483
218
-176
-518
-595
-326
87
386
456
200
-183
-510
-579
-349
33
334
429
224
-160
-485
-527
-306
60
390
482
304
-66
-382
-451
-219
162
534
633
428
73
-306
-404
-191
200
513
596
381
0
-338
-451
-264
113
443
559
391
4
-333
-479
-316
63
361
493
332
-77
-450
-614
-439
-90
248
406
220
-172
-565
-705
-539
-186
168
318
188
-199
-575
-740
-603
-248
112
249
86
-309
-697
-871
-699
-364
11
172
12
-351
-706
-852
-703
-368
9
190
56
-306
-694
-829
-683
-349
43
236
140
-189
-564
-764
-659
-295
110
310
196
-146
-526
-745
-634
-280
96
321
228
-123
-508
-721
-624
-286
87
305
227
-107
-517
-761
-728
-383
2
228
143
-182
-592
-822
-755
-441
-55
188
120
-191
-608
-831
-773
-448
-40
217
172
-144
-531
-770
-710
-390
32
303
277
-29
-420
-638
-576
-258
152
426
416
145
-254
-501
-458
-151
251
549
526
213
-155
-411
-392
-91
338
615
619
350
-14
-292
-282
0
382
666
687
424
35
-274
-316
-51
349
645
652
383
-33
-351
-345
-81
306
624
666
377
-7
-323
-346
-57
330
621
678
425
0
-309
-372
-123
268
583
622
368
-36
-320
-376
-142
243
581
629
396
13
-281
-354
-127
249
550
637
416
39
-282
-349
-136
237
560
657
448
58
-266
-330
-150
239
589
678
482
102
-253
-370
-207
192
542
656
435
43
-297
-444
-286
72
392
537
363
-19
-370
-501
-325
35
383
517
339
-57
-407
-546
-371
-4
356
474
339
-9
-384
-552
-439
-75
263
418
268
-105
-506
-683
-523
-181
195
368
235
-93
-449
-608
-496
-134
233
407
268
-42
-424
-590
-478
-135
249
426
304
-8
-409
-583
-495
-144
228
398
319
-18
-407
-580
-507
-146
244
467
364
32
-357
-562
-487
-165
216
451
356
24
-375
-617
-571
-245
170
418
350
16
-366
-610
-566
-257
116
372
333
-13
-386
-628
-591
-300
92
372
331
-3
-390
-635
-608
-305
86
334
326
40
-359
-637
-613
-318
63
305
308
24
-390
-654
-631
-331
66
376
339
58
-371
-682
-692
-424
25
310
304
15
-365
-661
-692
-417
-21
284
321
69
-355
-655
-679
-400
8
303
367
109
-310
-614
-644
-375
49
376
432
191
-242
-551
-618
-377
25
347
421
188
-203
-532
-570
-318
60
411
498
227
-160
-502
-595
-363
54
394
465
255
-137
-476
-556
-364
18
380
487
287
-93
-447
-583
-362
29
369
485
300
-111
-445
-532
-368
9
356
438
242
-98
-413
-521
-331
66
396
510
348
-4
-355
-487
-323
40
413
566
379
22
-323
-450
-271
87
425
606
465
108
-267
-407
-231
146
531
665
545
181
-195
-363
-223
145
507
702
553
212
-165
-348
-219
149
498
692
578
216
-152
-362
-262
114
515
680
570
201
-217
-431
-334
7
414
623
517
172
-243
-469
-381
-51
366
574
502
202
-202
-397
-349
-46
360
584
502
192
-154
-397
-368
-53
329
558
489
207
-188
-405
-345
-51
352
597
571
277
-95
-339
-315
-30
378
644
566
243
-151
-399
-323
-16
361
618
585
273
-136
-404
-418
-134
251
531
497
216
-172
-448
-448
-143
275
555
568
281
-123
-413
-444
-195
227
544
558
289
-125
-456
-472
-203
210
504
563
282
-102
-392
-442
-173
245
543
587
358
-20
-358
-418
-179
252
588
637
394
42
-286
-365
-122
322
658
745
522
185
-125
-206
10
406
709
781
561
214
-120
-205
-26
389
746
852
631
241
-106
-203
1
383
711
821
629
212
-127
-261
-115
282
599
700
538
160
-164
-320
-156
220
582
689
484
84
-264
-418
-270
76
439
609
420
15
-351
-495
-398
-30
350
525
360
-31
-396
-539
-446
-81
284
473
348
-46
-412
-601
-495
-127
250
413
268
-98
-457
-655
-544
-192
189
355
213
-163
-523
-713
-595
-262
101
297
199
-181
-567
-771
-658
-302
64
275
181
-152
-575
-770
-670
-318
63
233
160
-202
-605
-822
-746
-413
-52
179
125
-188
-595
-828
-750
-446
-45
193
93
-242
-644
-874
-851
-521
-136
114
61
-262
-637
-885
-826
-510
-111
176
158
-146
-550
-829
-823
-512
-66
176
135
-169
-571
-819
-772
-457
-58
189
170
-87
-475
-742
-728
-446
-42
240
247
0
-387
-708
-720
-405
18
299
314
41
-351
-621
-628
-357
90
385
393
147
-254
-540
-548
-290
107
421
462
176
-220
-515
-537
-292
77
352
407
178
-235
-534
-551
-316
86
389
446
190
-164
-476
-529
-307
108
389
459
239
-192
-535
-606
-360
15
341
409
166
-223
-551
-646
-453
-109
245
320
125
-253
-568
-696
-492
-98
257
391
215
-161
-510
-610
-447
-46
296
389
219
-153
-508
-658
-465
-59
286
422
249
-106
-447
-580
-411
-41
336
480
323
-57
-369
-492
-337
14
398
559
396
9
-379
-518
-378
22
387
533
368
-17
-370
-517
-373
-1
350
518
376
2
-383
-550
-406
-44
355
528
380
15
-370
-537
-426
-70
316
491
366
18
-358
-541
-432
-73
319
506
387
32
-391
-599
-494
-154
252
462
381
64
-339
-553
-467
-114
296
499
450
109
-278
-519
-421
-76
301
537
505
178
-201
-448
-386
-42
365
606
557
227
-157
-398
-343
-10
397
638
575
319
-67
-310
-303
7
404
686
640
338
-59
-328
-290
-29
383
620
599
293
-119
-401
-394
-118
258
528
511
218
-187
-491
-502
-218
171
433
411
158
-227
-516
-530
-268
121
435
436
161
-252
-529
-531
-270
126
410
426
155
-245
-547
-571
-319
84
405
448
179
-194
-531
-558
-303
75
381
411
164
-225
-567
-604
-370
29
377
403
164
-219
-518
-586
-379
2
317
414
193
-176
-527
-628
-424
-48
251
349
146
-260
-608
-692
-486
-58
304
410
203
-184
-510
-600
-420
-21
353
496
312
-93
-428
-544
-322
36
393
539
373
22
-315
-411
-222
170
517
657
495
109
-242
-369
-185
192
569
709
557
189
-175
-316
-143
249
612
781
639
266
-93
-238
-83
247
598
794
658
314
-73
-241
-96
255
609
769
679
331
-54
-225
-111
224
627
828
713
359
-28
-245
-176
179
568
739
658
334
-35
-243
-158
141
490
722
629
266
-138
-373
-306
-8
370
628
545
177
-208
-426
-389
-73
344
561
501
166
-257
-527
-491
-178
224
456
378
77
-334
-599
-554
-232
137
383
341
39
-376
-640
-597
-322
75
356
323
17
-401
-674
-685
-371
13
291
306
5
-385
-663
-690
-405
8
275
289
14
-414
-703
-743
-468
-60
221
231
-57
-468
-801
-819
-564
-155
165
220
-88
-508
-820
-868
-608
-213
118
132
-157
-534
-845
-893
-642
-232
87
133
-117
-504
-826
-829
-587
-226
80
168
-83
-468
-766
-834
-596
-194
144
239
5
-399
-734
-792
-565
-176
165
266
58
-325
-650
-740
-527
-153
207
329
143
-243
-574
-636
-457
-92
287
402
185
-171
-497
-617
-404
-38
345
478
300
-43
-401
-524
-324
57
413
583
416
94
-275
-405
-200
166
537
704
571
220
-132
-272
-103
298
658
832
695
320
-67
-224
-100
276
643
836
692
337
-36
-233
-116
264
620
811
699
341
-65
-271
-171
152
546
762
660
320
-94
-284
-207
158
549
768
711
366
-29
-255
-155
191
581
784
696
355
-39
-256
-163
182
561
794
728
410
-4
-201
-118
178
577
836
776
470
53
-204
-155
125
513
775
712
411
-4
-309
-267
4
417
666
611
311
-74
-354
-334
-39
343
596
575
260
-172
-430
-431
-178
220
461
500
168
-239
-523
-504
-228
174
436
429
142
-234
-534
-526
-261
163
467
462
203
-206
-527
-579
-290
83
372
417
157
-198
-481
-535
-274
117
417
439
221
-176
-508
-535
-275
134
477
526
288
-111
-426
-529
-271
143
490
558
290
-119
-432
-539
-308
94
444
512
263
-135
-482
-576
-368
51
389
464
249
-174
-515
-598
-370
-23
310
409
199
-204
-542
-649
-479
-98
241
359
159
-231
-597
-705
-511
-134
228
360
191
-182
-522
-696
-525
-118
253
363
205
-153
-537
-665
-531
-141
222
381
252
-89
-472
-609
-472
-101
264
422
299
-60
-420
-613
-458
-116
241
400
293
-71
-472
-673
-557
-192
224
413
284
-98
-458
-672
-582
-225
160
366
267
-105
-506
-664
-574
-239
128
345
241
-73
-447
-668
-580
-249
138
359
294
-16
-387
-584
-513
-152
274
503
422
98
-320
-515
-463
-137
260
506
471
185
-218
-454
-407
-69
338
609
568
288
-100
-361
-325
-28
356
633
600
279
-105
-351
-305
-14
360
620
581
291
-106
-362
-322
-32
351
610
600
313
-89
-323
-299
-5
426
726
748
506
92
-192
-181
89
503
780
822
568
143
-187
-201
38
402
693
751
532
112
-200
-211
30
390
704
760
508
84
-227
-289
-60
299
623
673
441
61
-286
-349
-130
213
542
623
419
17
-310
-394
-197
168
498
581
384
-30
-396
-483
-288
93
436
545
342
-49
-388
-498
-328
24
373
517
330
-64
-431
-546
-382
-9
337
463
291
-96
-459
-615
-422
-45
303
430
290
-80
-434
-591
-423
-60
291
424
275
-93
-449
-633
-508
-134
248
410
235
-167
-558
-714
-584
-253
139
323
183
-171
-568
-782
-656
-316
75
247
116
-269
-649
-866
-789
-445
-70
104
-8
-298
-693
-876
-830
-477
-95
114
15
-308
-700
-900
-794
-454
-70
147
93
-207
-570
-804
-712
-419
-8
263
206
-113
-523
-745
-665
-287
155
406
369
47
-351
-554
-506
-173
231
476
459
172
-193
-408
-372
-87
335
615
621
314
-91
-364
-342
-43
367
666
650
340
-79
-349
-318
-30
382
651
643
362
-55
-333
-326
-60
364
672
699
417
38
-268
-280
-12
373
679
729
488
77
-212
-268
13
418
740
768
527
158
-151
-198
29
418
733
774
522
142
-175
-231
18
395
706
769
528
136
-190
-263
-42
349
681
754
555
135
-230
-323
-105
282
573
631
433
68
-271
-363
-133
248
576
709
483
70
-288
-390
-201
185
530
616
381
-1
-374
-498
-291
92
411
556
322
-49
-397
-535
-340
6
347
453
305
-50
-463
-611
-452
-101
274
431
292
-88
-461
-588
-452
-100
258
408
235
-145
-499
-625
-513
-166
212
401
284
-56
-436
-631
-498
-156
232
431
312
-41
-402
-588
-441
-100
278
453
337
18
-350
-557
-444
-59
323
519
400
75
-315
-526
-418
-42
348
572
483
169
-230
-471
-392
-40
327
549
491
157
-262
-447
-400
-64
335
576
505
153
-259
-512
-458
-123
278
517
445
147
-252
-528
-476
-132
271
498
470
181
-211
-477
-434
-131
263
534
507
218
-193
-442
-452
-144
252
539
513
198
-210
-493
-471
-173
242
509
512
236
-159
-456
-443
-186
235
511
474
211
-195
-504
-530
-227
194
451
456
174
-244
-525
-534
-299
80
366
390
141
-257
-594
-588
-326
107
420
444
219
-174
-453
-526
-260
163
495
550
308
-107
-446
-503
-257
159
496
559
336
-52
-355
-432
-198
189
521
614
374
-67
-403
-438
-225
201
528
582
366
-18
-394
-464
-242
160
496
585
409
63
-265
-395
-197
191
551
663
469
87
-272
-363
-172
226
583
689
556
179
-175
-303
-120
277
651
793
592
246
-78
-232
-48
343
712
845
684
320
-36
-168
-5
396
723
875
702
344
-38
-206
-66
307
692
828
673
308
-88
-243
-114
203
558
743
574
218
-189
-388
-279
56
412
608
493
119
-266
-461
-370
-56
316
521
402
47
-367
-574
-493
-197
186
401
297
-39
-418
-644
-568
-250
127
318
243
-88
-491
-733
-711
-397
1
254
169
-175
-607
-870
-797
-457
-46
182
105
-224
-615
-889
-828
-516
-128
121
88
-237
-638
-897
-862
-555
-145
107
59
-232
-640
-914
-922
-635
-231
26
10
-285
-709
-994
-973
-706
-316
-64
-79
-337
-763
-1072
-1112
-832
-448
-176
-155
-411
-802
-1097
-1113
-831
-406
-112
-63
-337
-756
-1030
-1045
-791
-383
-41
25
-208
-580
-875
-894
-618
-214
123
191
-58
-440
-763
-798
-514
-115
230
294
69
-347
-626
-685
-475
-86
279
403
194
-149
-479
-532
-318
85
428
503
290
-83
-401
-491
-302
68
412
514
344
-31
-338
-456
-220
174
473
564
381
17
-342
-455
-262
142
503
650
470
93
-251
-368
-189
194
558
695
541
198
-150
-295
-145
240
591
772
636
224
-139
-286
-108
268
666
811
657
293
-39
-196
-58
301
664
847
715
365
-15
-188
-44
319
687
848
723
389
-8
-193
-105
233
595
781
679
325
-25
-251
-147
185
551
740
662
312
-89
-325
-239
88
476
690
578
225
-151
-382
-286
36
403
594
540
175
-216
-434
-354
-48
343
592
528
194
-229
-466
-413
-86
302
565
500
191
-204
-454
-409
-61
340
597
530
245
-156
-432
-413
-104
274
540
507
195
-187
-448
-434
-159
274
531
530
201
-185
-442
-438
-158
232
521
525
298
-90
-384
-376
-111
271
558
565
306
-61
-355
-390
-126
293
590
623
371
-21
-314
-326
-56
333
668
681
438
57
-246
-293
-47
344
632
676
438
-4
-329
-368
-143
276
567
641
429
6
-315
-345
-124
270
632
690
462
25
-315
-398
-179
208
550
660
441
50
-291
-405
-199
195
547
664
466
99
-265
-357
-174
207
527
657
437
63
-265
-368
-187
168
530
659
496
146
-210
-310
-123
239
596
729
560
191
-178
-310
-134
234
567
732
570
203
-156
-300
-147
245
588
717
554
180
-191
-347
-227
129
514
687
546
221
-182
-348
-211
144
503
679
517
149
-231
-385
-288
97
461
625
479
115
-282
-469
-378
-26
350
559
484
139
-290
-510
-396
-47
349
564
496
177
-213
-440
-351
-23
403
634
586
254
-168
-358
-312
29
431
664
601
288
-99
-351
-272
67
463
723
702
422
14
-251
-210
90
475
743
696
367
-8
-278
-249
18
400
616
618
298
-124
-391
-406
-154
234
479
455
151
-255
-555
-575
-345
50
328
326
82
-330
-623
-642
-400
13
286
303
-1
-434
-757
-767
-461
-85
193
219
-41
-472
-780
-844
-607
-236
91
91
-191
-582
-936
-980
-754
-335
-44
-17
-257
-679
-1018
-1083
-839
-457
-151
-108
-328
-723
-1036
-1099
-862
-511
-181
-114
-335
-745
-1088
-1132
-886
-489
-151
-95
-290
-684
-1030
-1151
-984
-575
-235
-153
-356
-752
-1086
-1178
-954
-572
-204
-96
-280
-685
-1047
-1150
-951
-574
-227
-71
-241
-619
-964
-1072
-890
-542
-189
-44
-214
-602
-952
-1060
-855
-456
-88
65
-62
-440
-823
-945
-768
-370
20
178
35
-294
-649
-780
-597
-218
164
344
208
-123
-470
-643
-468
-96
309
508
394
41
-300
-458
-278
95
497
694
569
204
-163
-318
-206
198
609
826
715
383
-32
-222
-102
250
628
865
799
491
117
-94
32
392
789
1015
935
599
204
-5
100
436
824
1059
987
657
283
67
141
454
847
1101
1039
710
275
64
136
458
841
1084
1022
736
318
63
101
396
776
1047
1001
694
275
24
37
321
716
967
938
611
255
-51
-47
241
664
936
928
623
211
-82
-87
221
621
897
904
584
152
-159
-177
85
480
763
736
437
48
-279
-328
-62
332
644
652
373
-34
-384
-423
-158
217
491
534
269
-145
-467
-511
-279
143
434
472
213
-207
-542
-607
-388
7
334
393
163
-243
-563
-639
-395
-52
291
339
107
-284
-625
-701
-483
-73
244
327
141
-276
-635
-717
-505
-142
203
306
97
-295
-644
-740
-544
-164
214
313
109
-263
-607
-725
-531
-170
191
335
150
-227
-584
-673
-488
-122
255
422
273
-113
-444
-586
-429
-82
281
465
324
-48
-400
-533
-384
-14
364
495
364
-16
-379
-553
-420
-44
334
499
355
20
-339
-505
-383
-3
363
566
391
47
-313
-472
-368
-34
355
556
480
121
-269
-483
-356
9
405
597
508
149
-254
-438
-301
18
409
608
518
169
-230
-441
-373
-39
372
592
534
243
-172
-419
-347
-6
377
622
569
254
-154
-388
-354
-63
368
603
549
217
-174
-444
-409
-85
305
531
469
150
-227
-492
-436
-155
250
477
433
125
-271
-581
-576
-264
115
390
370
71
-330
-624
-645
-380
5
279
252
-15
-441
-746
-749
-479
-89
191
192
-76
-453
-757
-781
-536
-165
160
193
-45
-457
-765
-814
-575
-186
113
167
-77
-465
-782
-829
-576
-171
113
170
-72
-447
-773
-792
-573
-160
151
214
-13
-372
-668
-755
-525
-132
219
301
43
-341
-672
-749
-533
-148
212
308
108
-280
-616
-724
-506
-107
249
331
145
-222
-585
-686
-526
-155
196
305
119
-221
-534
-653
-482
-116
275
364
170
-209
-527
-676
-504
-116
257
403
216
-139
-488
-614
-447
-67
321
480
301
-68
-415
-524
-342
4
367
521
363
2
-375
-490
-332
52
441
613
484
133
-232
-399
-263
110
481
640
526
157
-205
-377
-240
117
521
702
545
182
-173
-353
-221
183
565
758
653
336
-30
-240
-113
234
615
825
739
400
22
-185
-75
245
621
831
732
393
17
-195
-70
254
661
878
788
415
24
-186
-118
176
568
786
714
390
2
-216
-159
144
544
793
752
416
26
-218
-132
178
538
776
710
442
56
-201
-129
185
563
830
799
489
65
-158
-105
221
640
886
826
532
150
-101
-76
259
654
912
853
549
146
-119
-107
167
573
875
855
556
141
-126
-149
113
488
761
762
502
98
-174
-183
74
436
706
722
444
22
-280
-318
-78
312
600
622
336
-88
-385
-405
-171
172
483
556
254
-162
-479
-543
-295
95
396
460
223
-178
-518
-562
-344
51
365
425
165
-235
-575
-628
-369
-2
315
403
158
-213
-562
-629
-403
1
331
372
144
-249
-587
-654
-458
-81
257
318
85
-335
-693
-780
-572
-178
169
265
41
-365
-707
-828
-610
-232
129
240
67
-324
-670
-811
-658
-279
100
197
2
-355
-725
-870
-694
-304
66
212
28
-311
-708
-825
-657
-298
86
240
43
-346
-683
-828
-673
-279
105
242
101
-291
-664
-789
-635
-294
107
278
120
-261
-627
-770
-586
-247
121
316
185
-181
-518
-711
-561
-210
190
361
239
-117
-473
-661
-544
-217
156
343
249
-74
-457
-670
-546
-188
182
375
300
-30
-369
-589
-496
-157
260
483
370
4
-394
-610
-517
-155
215
466
382
45
-358
-570
-476
-164
248
454
416
111
-333
-588
-507
-173
234
468
406
81
-319
-544
-478
-154
227
440
423
115
-260
-529
-497
-193
177
429
433
128
-272
-516
-445
-179
214
499
490
206
-187
-468
-454
-157
236
543
522
253
-142
-410
-381
-92
308
583
576
248
-157
-443
-487
-177
238
516
524
246
-152
-415
-420
-133
250
546
542
304
-89
-364
-398
-136
226
551
608
345
-21
-313
-341
-57
363
685
712
479
93
-247
-279
-35
378
721
759
535
151
-167
-225
17
416
762
834
597
244
-70
-160
55
468
826
913
714
322
-15
-70
157
542
877
986
761
375
32
-50
171
575
959
1025
822
431
76
-6
200
561
904
1006
798
415
100
1
189
606
963
1052
855
486
146
10
200
587
955
1080
896
524
179
20
165
508
866
988
800
435
63
-115
35
423
806
920
754
366
-19
-187
-50
301
662
821
641
255
-117
-310
-181
150
527
649
494
113
-266
-449
-334
40
389
547
420
63
-342
-529
-451
-98
271
451
370
21
-364
-584
-480
-140
214
415
338
-24
-429
-691
-601
-297
64
277
181
-199
-596
-817
-750
-425
-34
211
106
-231
-640
-874
-839
-548
-163
56
9
-333
-746
-1031
-973
-683
-290
-35
-80
-399
-815
-1088
-1019
-735
-332
-107
-158
-447
-855
-1131
-1146
-855
-447
-184
-182
-501
-876
-1170
-1132
-816
-409
-122
-107
-400
-806
-1100
-1096
-841
-443
-126
-94
-362
-743
-1016
-1025
-737
-354
-45
-14
-284
-658
-927
-936
-627
-214
88
115
-103
-480
-754
-811
-543
-131
222
226
-11
-392
-671
-687
-422
-29
285
343
101
-265
-557
-613
-363
48
379
468
215
-178
-493
-541
-320
98
454
545
331
-55
-381
-444
-239
167
493
555
327
-66
-405
-511
-265
129
484
564
376
-37
-360
-436
-243
187
522
640
427
39
-321
-454
-265
127
501
635
464
94
-231
-329
-144
237
612
735
510
131
-206
-309
-111
285
636
773
622
258
-105
-284
-136
231
598
754
601
200
-151
-302
-121
243
621
786
628
270
-99
-271
-138
219
579
747
585
201
-179
-363
-248
103
489
668
512
153
-238
-432
-304
75
482
660
524
163
-213
-433
-288
69
455
643
518
176
-182
-373
-290
70
449
673
574
243
-128
-297
-209
126
554
738
664
324
-43
-268
-157
177
586
796
735
437
32
-220
-142
217
593
820
756
446
64
-205
-153
177
570
834
762
438
50
-149
-128
188
574
831
806
505
94
-146
-91
198
591
863
861
565
159
-141
-120
193
586
853
849
564
146
-132
-124
148
543
839
839
586
167
-102
-95
212
609
861
870
603
199
-68
-27
240
632
909
913
663
279