3154
591
-2178
-3598
-2804
-278
2482
3860
3076
551
-2243
-3687
-2924
-418
2394
3826
3080
567
-2250
-3724
-3027
-547
2255
3731
3061
617
-2218
-3766
-3162
-698
2118
3680
3055
593
-2277
-3870
-3269
-864
1977
3588
3041
604
-2232
-3870
-3374
-970
1861
3519
3019
627
-2239
-3907
-3423
-1110
1772
3483
3038
683
-2182
-3902
-3480
-1168
1712
3431
3035
711
-2165
-3937
-3603
-1278
1616
3395
3019
740
-2127
-3953
-3646
-1357
1528
3337
3042
786
-2077
-3921
-3635
-1413
1492
3365
3142
932
-1933
-3799
-3585
-1402
1512
3429
3285
1133
-1746
-3672
-3518
-1358
1574
3518
3430
1290
-1597
-3558
-3471
-1342
1592
3583
3562
1513
-1397
-3405
-3364
-1272
1651
3669
3682
1636
-1276
-3348
-3359
-1346
1567
3649
3685
1678
-1187
-3271
-3354
-1361
1542
3653
3795
1833
-1039
-3182
-3331
-1367
1571
3723
3892
1944
-959
-3119
-3350
-1450
1458
3713
3919
2024
-879
-3044
-3288
-1453
1438
3673
3964
2146
-743
-2989
-3308
-1487
1395
3620
3937
2154
-739
-3042
-3395
-1634
1227
3510
3863
2109
-786
-3101
-3502
-1771
1133
3416
3822
2114
-732
-3065
-3545
-1872
981
3303
3776
2131
-738
-3126
-3655
-2013
809
3224
3784
2151
-678
-3056
-3639
-2047
814
3228
3813
2246
-587
-3035
-3650
-2119
708
3147
3815
2264
-583
-3043
-3731
-2218
586
3039
3762
2279
-537
-3070
-3807
-2351
424
2905
3652
2206
-603
-3116
-3926
-2519
270
2772
3593
2227
-547
-3109
-3998
-2642
121
2655
3524
2202
-592
-3144
-4038
-2751
-1
2621
3554
2270
-470
-3057
-4012
-2770
-45
2534
3535
2339
-373
-2983
-4024
-2860
-145
2477
3516
2373
-306
-2941
-4016
-2904
-224
2453
3572
2447
-238
-2901
-4043
-2997
-320
2377
3574
2539
-120
-2835
-4034
-3058
-433
2278
3489
2532
-60
-2802
-4065
-3145
-537
2185
3468
2578
-4
-2746
-4047
-3140
-584
2177
3543
2718
196
-2585
-3949
-3097
-561
2229
3652
2887
374
-2413
-3865
-3102
-567
2236
3689
2970
483
-2327
-3815
-3131
-637
2163
3671
2972
496
-2337
-3877
-3236
-769
2043
3616
3024
654
-2191
-3803
-3222
-819
2038
3657
3133
694
-2132
-3750
-3274
-916
1928
3605
3154
802
-2086
-3773
-3329
-954
1911
3630
3260
950
-1939
-3660
-3255
-973
1934
3747
3393
1082
-1765
-3571
-3272
-1006
1887
3729
3414
1154
-1728
-3551
-3269
-1030
1873
3751
3500
1319
-1569
-3419
-3224
-1024
1905
3800
3618
1463
-1410
-3300
-3206
-1077
1834
3817
3757
1664
-1262
-3278
-3222
-1104
1790
3806
3802
1716
-1175
-3206
-3223
-1168
1726
3795
3822
1797
-1102
-3175
-3259
-1265
1641
3735
3848
1877
-1006
-3137
-3275
-1328
1566
3739
3917
2004
-926
-3141
-3320
-1419
1473
3634
3869
1986
-918
-3119
-3386
-1524
1356
3548
3857
2030
-871
-3126
-3478
-1709
1152
3423
3783
2015
-825
-3117
-3550
-1805
1091
3408
3814
2115
-755
-3088
-3573
-1913
985
3354
3841
2166
-692
-3092
-3631
-1990
875
3269
3781
2189
-677
-3091
-3656
-2128
701
3143
3768
2205
-652
-3123
-3807
-2302
548
2972
3677
2161
-658
-3107
-3836
-2407
395
2911
3662
2232
-570
-3098
-3876
-2507
279
2806
3590
2249
-517
-3072
-3933
-2620
161
2757
3648
2360
-399
-2994
-3906
-2635
78
2665
3637
2415
-331
-2935
-3909
-2682
26
2651
3661
2490
-242
-2889
-3961
-2799
-87
2598
3680
2536
-171
-2848
-3941
-2870
-211
2486
3647
2574
-88
-2794
-4014
-3017
-361
2341
3535
2509
-143
-2838
-4061
-3123
-494
2254
3560
2606
2
-2743
-3998
-3101
-500
2280
3619
2759
180
-2581
-3915
-3067
-476
2327
3708
2908
382
-2407
-3817
-3052
-532
2253
3691
2955
461
-2320
-3836
-3095
-611
2230
3738
3057
593
-2234
-3769
-3152
-706
2137
3716
3140
691
-2139
-3747
-3175
-755
2095
3711
3210
837
-1996
-3660
-3164
-796
2076
3748
3325
973
-1866
-3556
-3161
-833
2068
3799
3412
1081
-1825
-3637
-3272
-960
1949
3730
3374
1119
-1789
-3614
-3340
-1097
1826
3642
3365
1135
-1743
-3606
-3394
-1164
1707
3592
3398
1243
-1677
-3611
-3465
-1299
1583
3541
3392
1235
-1657
-3657
-3553
-1395
1460
3434
3376
1292
-1585
-3613
-3576
-1523
1395
3414
3441
1399
-1500
-3572
-3649
-1644
1283
3378
3464
1455
-1465
-3575
-3682
-1742
1132
3254
3417
1491
-1402
-3591
-3789
-1899
987
3146
3325
1456
-1461
-3676
-3952
-2111
811
3046
3323
1446
-1460
-3726
-4028
-2205
681
2957
3290
1504
-1392
-3729
-4116
-2381
481
2797
3224
1508
-1363
-3747
-4240
-2563
320
2677
3166
1499
-1372
-3752
-4309
-2696
167
2563
3135
1514
-1330
-3771
-4391
-2833
-12
2414
3066
1517
-1300
-3749
-4445
-2931
-106
2356
3074
1591
-1236
-3744
-4498
-3075
-233
2302
3084
1701
-1074
-3613
-4422
-3014
-222
2340
3218
1909
-873
-3382
-4252
-2950
-171
2441
3349
2040
-685
-3290
-4217
-2974
-197
2422
3402
2173
-542
-3152
-4140
-2965
-235
2414
3465
2348
-347
-2982
-4058
-2915
-166
2482
3638
2560
-132
-2807
-3961
-2929
-264
2451
3666
2669
57
-2638
-3832
-2880
-222
2512
3777
2866
283
-2412
-3716
-2803
-172
2614
3959
3122
577
-2165
-3496
-2625
-39
2746
4158
3383
854
-1917
-3307
-2511
27
2848
4305
3574
1104
-1703
-3172
-2461
36
2851
4362
3709
1264
-1606
-3136
-2471
-7
2831
4373
3715
1282
-1526
-3139
-2565
-141
2734
4362
3827
1403
-1480
-3126
-2575
-224
2653
4309
3818
1473
-1384
-3095
-2660
-327
2584
4318
3888
1570
-1293
-3033
-2642
-307
2570
4322
3953
1690
-1224
-3008
-2697
-440
2481
4286
3991
1758
-1117
-2981
-2728
-512
2388
4245
4002
1825
-1082
-2987
-2818
-607
2273
4190
4045
1871
-1021
-3013
-2904
-758
2149
4125
4055
1937
-977
-2985
-2939
-851
2054
4071
4024
1963
-921
-2984
-3021
-994
1909
3988
4057
2051
-870
-2981
-3095
-1143
1728
3844
3941
1959
-952
-3114
-3312
-1397
1494
3626
3824
1887
-1029
-3257
-3517
-1632
1269
3484
3730
1864
-1060
-3319
-3622
-1794
1081
3302
3586
1771
-1141
-3417
-3786
-2020
893
3185
3579
1784
-1103
-3401
-3879
-2199
667
3002
3429
1729
-1134
-3519
-4052
-2406
456
2818
3334
1686
-1183
-3586
-4145
-2563
293
2675
3239
1624
-1238
-3664
-4305
-2761
100
2550
3185
1634
-1180
-3654
-4379
-2904
-100
2388
3112
1650
-1175
-3675
-4405
-2963
-129
2391
3181
1774
-1013
-3562
-4372
-3014
-229
2310
3163
1792
-961
-3544
-4405
-3059
-279
2291
3196
1926
-862
-3440
-4324
-3092
-318
2302
3274
2026
-708
-3292
-4263
-3007
-278
2355
3352
2156
-520
-3174
-4214
-3012
-299
2358
3432
2294
-388
-3047
-4163
-3053
-338
2391
3503
2441
-217
-2867
-4025
-2948
-305
2433
3620
2645
15
-2685
-3882
-2915
-254
2501
3771
2820
233
-2512
-3765
-2812
-190
2587
3921
3030
424
-2313
-3623
-2731
-157
2596
3987
3171
627
-2164
-3555
-2728
-177
2614
4028
3264
724
-2066
-3546
-2806
-290
2530
3974
3248
755
-2046
-3543
-2849
-322
2501
4012
3370
896
-1943
-3508
-2903
-414
2411
4003
3422
985
-1885
-3474
-2903
-452
2404
4030
3505
1126
-1727
-3371
-2858
-458
2406
4116
3610
1240
-1618
-3331
-2896
-543
2343
4050
3616
1297
-1577
-3318
-2951
-637
2236
3964
3607
1317
-1592
-3375
-3059
-804
2042
3823
3488
1224
-1678
-3551
-3291
-1069
1830
3673
3420
1188
-1721
-3627
-3401
-1210
1695
3588
3386
1187
-1693
-3578
-3406
-1245
1631
3575
3416
1265
-1628
-3585
-3439
-1314
1566
3541
3461
1347
-1560
-3562
-3519
-1449
1479
3438
3396
1331
-1597
-3632
-3655
-1629
1282
3317
3325
1280
-1620
-3743
-3824
-1822
1087
3174
3289
1310
-1610
-3747
-3893
-1914
1008
3143
3293
1347
-1551
-3721
-3882
-1990
905
3089
3283
1378
-1520
-3711
-3910
-2043
856
3057
3329
1456
-1447
-3710
-4023
-2194
717
2983
3305
1457
-1416
-3682
-4038
-2233
648
2887
3250
1497
-1389
-3679
-4106
-2346
544
2856
3263
1523
-1368
-3684
-4100
-2397
473
2805
3288
1603
-1256
-3629
-4115
-2421
466
2864
3375
1762
-1102
-3479
-4001
-2382
502
2927
3498
1925
-883
-3288
-3908
-2292
596
3086
3713
2192
-644
-3072
-3725
-2204
649
3135
3832
2328
-504
-2984
-3677
-2170
676
3148
3844
2382
-411
-2949
-3734
-2314
486
3015
3799
2372
-418
-2953
-3775
-2416
407
2966
3801
2427
-341
-2882
-3779
-2421
372
2954
3858
2559
-193
-2781
-3674
-2383
361
2965
3917
2649
-84
-2688
-3690
-2483
284
2962
3993
2788
60
-2562
-3595
-2420
318
2953
4039
2931
236
-2442
-3520
-2422
295
2963
4089
2988
309
-2375
-3516
-2447
201
2928
4107
3081
419
-2285
-3489
-2505
160
2901
4114
3143
502
-2252
-3522
-2578
45
2798
4099
3152
520
-2250
-3560
-2659
-63
2686
4021
3156
581
-2184
-3557
-2740
-172
2615
3992
3179
630
-2145
-3607
-2854
-299
2525
3949
3213
673
-2116
-3623
-2918
-407
2395
3854
3179
694
-2121
-3658
-3027
-557
2287
3802
3133
639
-2202
-3799
-3234
-814
2029
3623
3049
598
-2254
-3870
-3341
-961
1890
3521
3005
638
-2228
-3914
-3420
-1082
1795
3506
3011
636
-2245
-3956
-3557
-1221
1667
3363
2938
562
-2303
-4055
-3726
-1408
1476
3253
2912
609
-2306
-4130
-3837
-1547
1353
3187
2887
647
-2256
-4130
-3859
-1629
1265
3164
2929
677
-2226
-4113
-3911
-1715
1203
3087
2940
781
-2134
-4093
-3979
-1844
1082
3045
2927
815
-2106
-4110
-4008
-1898
1001
3017
2954
874
-1991
-4010
-4001
-1947
974
3058
3072
1012
-1859
-3920
-3980
-1930
992
3112
3170
1181
-1720
-3814
-3875
-1867
1084
3217
3354
1382
-1517
-3642
-3781
-1797
1137
3329
3556
1650
-1215
-3377
-3607
-1699
1233
3430
3678
1798
-1076
-3293
-3539
-1679
1242
3500
3817
1980
-921
-3185
-3499
-1689
1232
3509
3869
2102
-802
-3114
-3522
-1817
1088
3375
3777
2074
-785
-3112
-3591
-1920
954
3302
3788
2101
-773
-3127
-3637
-1972
923
3323
3877
2255
-592
-2969
-3521
-1907
987
3399
3985
2405
-463
-2860
-3442
-1876
953
3422
4077
2566
-238
-2711
-3399
-1903
924
3423
4107
2647
-144
-2662
-3394
-1967
850
3354
4121
2670
-135
-2653
-3428
-2004
788
3308
4131
2753
-21
-2563
-3414
-2080
738
3344
4216
2904
131
-2471
-3347
-2062
718
3335
4228
2962
189
-2408
-3376
-2141
577
3194
4211
2989
257
-2398
-3437
-2278
444
3099
4158
3016
324
-2333
-3449
-2341
359
3016
4132
3038
343
-2384
-3537
-2495
160
2859
4028
2984
297
-2394
-3626
-2632
12
2723
3932
2949
289
-2431
-3707
-2751
-130
2597
3878
2982
364
-2399
-3714
-2848
-262
2495
3857
2999
389
-2391
-3785
-2926
-370
2414
3821
3058
490
-2277
-3741
-3027
-490
2329
3786
3034
515
-2292
-3786
-3143
-656
2164
3661
2987
503
-2351
-3964
-3350
-932
1891
3445
2832
380
-2465
-4058
-3529
-1124
1741
3347
2833
430
-2446
-4102
-3623
-1242
1617
3291
2824
477
-2370
-4087
-3652
-1346
1561
3278
2870
603
-2257
-4034
-3665
-1377
1509
3309
2981
723
-2136
-3984
-3687
-1404
1511
3396
3127
909
-1981
-3855
-3633
-1415
1465
3360
3181
979
-1889
-3786
-3633
-1483
1423
3385
3263
1103
-1785
-3755
-3700
-1593
1334
3314
3221
1123
-1805
-3826
-3806
-1749
1182
3203
3175
1105
-1806
-3855
-3899
-1864
1034
3111
3165
1142
-1742
-3842
-3908
-1912
1009
3133
3263
1261
-1631
-3783
-3924
-1952
970
3105
3278
1376
-1498
-3671
-3875
-1960
956
3158
3385
1498
-1396
-3602
-3860
-2039
889
3127
3389
1573
-1338
-3593
-3899
-2096
806
3069
3439
1671
-1195
-3455
-3843
-2056
864
3175
3582
1850
-1014
-3295
-3711
-2005
909
3266
3757
2081
-768
-3142
-3620
-1905
1001
3388
3910
2289
-577
-2973
-3521
-1857
1023
3410
3984
2400
-434
-2841
-3454
-1882
997
3412
4039
2490
-391
-2881
-3556
-2020
879
3346
3999
2497
-339
-2848
-3580
-2094
731
3257
3988
2525
-311
-2828
-3604
-2178
658
3181
3977
2575
-239
-2778
-3585
-2211
577
3099
3956
2593
-189
-2769
-3639
-2297
494
3097
3974
2651
-106
-2687
-3624
-2360
380
2978
3936
2695
-50
-2699
-3698
-2488
261
2889
3888
2696
-34
-2653
-3729
-2572
126
2771
3844
2679
-46
-2714
-3828
-2736
-41
2637
3769
2725
3
-2691
-3851
-2853
-187
2526
3692
2655
-4
-2708
-3919
-2908
-277
2455
3712
2750
124
-2616
-3860
-2885
-250
2495
3772
2832
231
-2506
-3811
-2923
-343
2435
3803
2978
434
-2345
-3720
-2931
-349
2444
3886
3101
580
-2216
-3660
-2895
-330
2502
3969
3246
736
-2075
-3552
-2833
-349
2487
4011
3354
878
-1975
-3513
-2876
-405
2424
3963
3352
945
-1880
-3475
-2904
-441
2422
4017
3482
1053
-1804
-3441
-2928
-511
2347
3983
3473
1092
-1762
-3447
-3001
-643
2228
3922
3456
1089
-1781
-3520
-3138
-841
2015
3762
3380
1083
-1822
-3628
-3278
-1024
1874
3658
3353
1007
-1854
-3663
-3386
-1127
1750
3598
3327
1097
-1802
-3650
-3455
-1234
1640
3524
3313
1120
-1780
-3696
-3532
-1336
1584
3493
3370
1248
-1655
-3602
-3520
-1413
1508
3492
3442
1317
-1572
-3572
-3551
-1454
1450
3471
3458
1387
-1520
-3606
-3617
-1585
1339
3416
3484
1468
-1454
-3549
-3657
-1685
1210
3329
3449
1455
-1465
-3633
-3792
-1875
1044
3205
3392
1489
-1425
-3623
-3852
-1980
923
3114
3371
1505
-1398
-3634
-3922
-2096
818
3074
3388
1602
-1294
-3581
-3932
-2159
715
3043
3446
1715
-1159
-3501
-3937
-2226
678
3027
3504
1833
-1110
-3429
-3947
-2315
549
2943
3484
1829
-1024
-3429
-3994
-2380
466
2876
3468
1892
-979
-3415
-4041
-2509
341
2827
3479
1909
-936
-3387
-4074
-2534
304
2799
3535
2089
-729
-3259
-4027
-2585
241
2769
3571
2166
-662
-3167
-3977
-2556
237
2797
3632
2291
-504
-3042
-3903
-2582
216
2792
3688
2388
-390
-2947
-3863
-2599
148
2767
3763
2537
-192
-2865
-3882
-2657
93
2748
3795
2620
-64
-2686
-3707
-2534
160
2831
3903
2804
125
-2551
-3647
-2542
137
2815
3985
2907
215
-2479
-3618
-2543
132
2858
4055
3029
416
-2304
-3531
-2542
105
2844
4107
3155
535
-2178
-3465
-2553
59
2812
4106
3231
651
-2116
-3455
-2612
-23
2763
4114
3276
706
-2082
-3481
-2684
-122
2668
4063
3300
761
-2016
-3493
-2753
-257
2583
4059
3353
854
-1956
-3495
-2831
-348
2511
4063
3418
952
-1871
-3463
-2891
-424
2441
4045
3505
1064
-1799
-3460
-2955
-545
2335
4000
3517
1178
-1695
-3366
-2924
-554
2317
4008
3566
1253
-1611
-3332
-2948
-634
2262
4048
3699
1395
-1495
-3287
-2928
-632
2244
4023
3742
1484
-1429
-3291
-3028
-797
2130
3991
3746
1506
-1388
-3251
-3069
-899
2016
3922
3746
1555
-1371
-3287
-3203
-1093
1794
3763
3658
1557
-1364
-3341
-3284
-1198
1668
3648
3613
1543
-1394
-3427
-3467
-1437
1461
3526
3568
1532
-1370
-3491
-3596
-1640
1269
3349
3480
1525
-1367
-3561
-3756
-1797
1092
3262
3459
1538
-1369
-3570
-3830
-1942
928
3148
3416
1580
-1326
-3548
-3892
-2076
813
3065
3379
1560
-1322
-3604
-3987
-2218
656
2977
3388
1632
-1263
-3608
-4094
-2415
496
2818
3289
1629
-1235
-3623
-4124
-2506
385
2788
3350
1695
-1180
-3611
-4246
-2654
198
2634
3243
1664
-1207
-3642
-4289
-2778
59
2567
3262
1757
-1062
-3524
-4264
-2796
30
2515
3268
1870
-933
-3458
-4284
-2859
-59
2485
3345
1985
-774
-3337
-4182
-2851
-47
2576
3478
2174
-579
-3162
-4094
-2791
-33
2605
3592
2393
-353
-2945
-3933
-2750
-1
2646
3672
2523
-212
-2864
-3943
-2802
-80
2601
3702
2619
-69
-2737
-3862
-2788
-93
2606
3751
2716
44
-2636
-3825
-2829
-185
2559
3766
2787
144
-2557
-3792
-2859
-251
2486
3774
2883
288
-2487
-3805
-2935
-341
2442
3807
2968
400
-2359
-3718
-2885
-335
2461
3864
3086
572
-2189
-3620
-2867
-368
2441
3913
3203
703
-2119
-3598
-2927
-447
2397
3905
3280
857
-1970
-3553
-2957
-517
2330
3896
3319
893
-1941
-3551
-3038
-616
2229
3887
3361
978
-1894
-3559
-3101
-738
2137
3871
3443
1099
-1787
-3513
-3107
-774
2129
3891
3516
1208
-1681
-3432
-3087
-804
2102
3904
3584
1309
-1541
-3404
-3132
-919
1959
3845
3627
1412
-1477
-3368
-3171
-1023
1910
3822
3628
1452
-1435
-3370
-3276
-1157
1746
3694
3610
1481
-1446
-3449
-3416
-1386
1538
3564
3559
1473
-1438
-3506
-3554
-1545
1369
3478
3512
1480
-1407
-3492
-3556
-1587
1308
3414
3526
1573
-1346
-3498
-3653
-1742
1165
3285
3467
1576
-1291
-3537
-3741
-1877
1019
3213
3491
1651
-1286
-3537
-3815
-1970
916
3164
3464
1645
-1250
-3535
-3876
-2120
780
3069
3451
1695
-1206
-3551
-3966
-2254
613
2960
3379
1684
-1187
-3534
-4038
-2357
478
2839
3337
1677
-1182
-3563
-4138
-2477
374
2768
3375
1776
-1087
-3487
-4077
-2494
366
2829
3477
1940
-895
-3348
-4015
-2519
291
2780
3517
2034
-772
-3271
-4016
-2583
270
2801
3593
2161
-624
-3141
-3945
-2558
230
2786
3619
2262
-504
-3054
-3919
-2582
209
2796
3711
2443
-314
-2915
-3848
-2575
207
2818
3771
2542
-200
-2830
-3808
-2592
151
2824
3841
2651
-46
-2686
-3713
-2578
137
2798
3856
2712
58
-2597
-3731
-2633
52
2737
3926
2889
207
-2499
-3696
-2676
-2
2734
3938
2955
351
-2365
-3609
-2664
-33
2712
4001
3072
472
-2274
-3568
-2674
-44
2735
4068
3226
637
-2140
-3527
-2712
-135
2669
4070
3269
712
-2071
-3483
-2693
-147
2667
4105
3378
848
-1942
-3398
-2688
-209
2617
4158
3490
1000
-1814
-3323
-2662
-201
2674
4237
3647
1195
-1657
-3229
-2642
-203
2659
4263
3712
1303
-1565
-3230
-2709
-304
2560
4211
3691
1308
-1601
-3302
-2854
-501
2383
4086
3656
1283
-1570
-3357
-3015
-720
2157
3935
3594
1318
-1571
-3409
-3115
-867
2028
3833
3525
1282
-1606
-3483
-3236
-1030
1887
3747
3531
1304
-1589
-3493
-3323
-1152
1715
3616
3435
1289
-1626
-3618
-3533
-1399
1463
3430
3325
1192
-1724
-3727
-3679
-1619
1287
3297
3272
1205
-1715
-3773
-3784
-1722
1182
3256
3258
1218
-1700
-3782
-3867
-1909
986
3100
3214
1199
-1746
-3876
-4048
-2076
847
2976
3151
1198
-1740
-3888
-4152
-2262
648
2844
3075
1165
-1750
-3962
-4207
-2420
480
2755
3073
1239
-1656
-3913
-4251
-2435
486
2753
3089
1297
-1574
-3872
-4239
-2460
434
2730
3169
1433
-1410
-3729
-4164
-2418
448
2789
3285
1614
-1224
-3586
-4095
-2406
467
2867
3404
1784
-1049
-3417
-3973
-2383
489
2938
3520
1943
-878
-3293
-3944
-2386
463
2924
3563
2016
-788
-3248
-3927
-2407
400
2916
3659
2153
-620
-3100
-3850
-2406
420
2909
3709
2292
-526
-3057
-3853
-2437
382
2934
3769
2399
-379
-2935
-3814
-2490
277
2857
3769
2461
-308
-2905
-3817
-2535
222
2833
3818
2549
-230
-2839
-3807
-2552
184
2828
3824
2649
-85
-2730
-3754
-2575
180
2857
3933
2790
100
-2567
-3671
-2545
167
2838
3940
2863
207
-2492
-3650
-2583
98
2823
4018
2983
332
-2376
-3538
-2515
106
2824
4071
3101
464
-2258
-3470
-2503
96
2858
4147
3221
601
-2151
-3441
-2549
56
2836
4180
3329
750
-2023
-3381
-2566
27
2801
4171
3369
835
-1975
-3397
-2612
-87
2680
4110
3358
843
-1975
-3487
-2767
-272
2502
4045
3320
816
-2014
-3569
-2956
-490
2352
3887
3255
781
-2057
-3644
-3081
-661
2175
3768
3243
820
-2032
-3648
-3142
-759
2107
3753
3242
849
-2012
-3725
-3237
-880
2016
3716
3289
928
-1958
-3662
-3251
-920
1959
3675
3292
969
-1938
-3697
-3354
-1065
1873
3676
3379
1080
-1796
-3640
-3346
-1053
1833
3657
3395
1124
-1781
-3667
-3433
-1199
1684
3554
3349
1159
-1747
-3669
-3525
-1392
1495
3439
3273
1099
-1833
-3793
-3681
-1543
1360
3363
3270
1172
-1747
-3767
-3734
-1628
1300
3323
3318
1235
-1644
-3678
-3699
-1640
1278
3387
3396
1336
-1567
-3606
-3662
-1657
1282
3389
3506
1511
-1407
-3530
-3650
-1715
1199
3366
3532
1609
-1293
-3423
-3629
-1747
1166
3327
3504
1618
-1287
-3496
-3732
-1884
1029
3236
3490
1633
-1255
-3486
-3812
-1979
873
3148
3479
1684
-1202
-3503
-3889
-2118
778
3050
3440
1702
-1168
-3510
-3897
-2194
698
3046
3504
1816
-1085
-3448
-3917
-2241
629
2988
3532
1870
-1010
-3412
-3963
-2346
537
2985
3589
1983
-889
-3310
-3895
-2325
543
2977
3582
2039
-822
-3271
-3896
-2347
504
2971
3651
2155
-661
-3122
-3835
-2358
527
3025
3785
2314
-510
-3015
-3799
-2348
484
3006
3826
2406
-385
-2898
-3698
-2330
473
3044
3894
2562
-210
-2779
-3670
-2339
427
3034
3946
2652
-111
-2703
-3641
-2356
430
3027
3987
2722
-55
-2667
-3615
-2384
374
2982
4008
2825
76
-2572
-3595
-2436
264
2904
3981
2840
141
-2516
-3612
-2502
200
2890
4024
2943
279
-2422
-3607
-2555
132
2845
4005
3017
353
-2355
-3593
-2647
-6
2745
3985
3030
402
-2350
-3622
-2689
-79
2632
3904
2994
400
-2349
-3673
-2804
-227
2560
3894
3025
445
-2328
-3706
-2878
-308
2484
3864
3078
522
-2302
-3739
-2961
-430
2390
3840
3084
568
-2288
-3776
-3073
-575
2238
3743
3054
571
-2293
-3840
-3197
-743
2074
3638
3034
563
-2292
-3894
-3311
-849
2021
3641
3085
674
-2158
-3837
-3294
-898
1964
3629
3177
792
-2058
-3754
-3284
-919
1943
3665
3255
924
-1957
-3721
-3330
-1012
1903
3655
3307
1023
-1873
-3660
-3312
-1026
1870
3646
3370
1132
-1765
-3571
-3362
-1108
1809
3679
3451
1226
-1666
-3560
-3375
-1167
1752
3670
3511
1333
-1599
-3538
-3394
-1251
1662
3611
3493
1370
-1515
-3492
-3432
-1354
1562
3586
3546
1483
-1430
-3492
-3470
-1415
1508
3532
3536
1497
-1422
-3494
-3553
-1557
1414
3486
3577
1589
-1335
-3455
-3588
-1635
1273
3427
3582
1664
-1252
-3423
-3633
-1702
1235
3430
3637
1766
-1151
-3354
-3607
-1770
1150
3379
3674
1838
-1058
-3325
-3612
-1791
1139
3433
3732
1928
-955
-3237
-3582
-1808
1080
3412
3815
2037
-846
-3122
-3535
-1805
1064
3415
3819
2124
-763
-3124
-3639
-1983
872
3244
3765
2104
-731
-3137
-3689
-2062
772
3170
3749
2105
-762
-3202
-3832
-2269
569
3001
3619
2059
-807
-3249
-3928
-2436
372
2860
3545
2038
-758
-3247
-4002
-2528
283
2786
3516
2081
-736
-3251
-4057
-2632
170
2725
3548
2167
-634
-3186
-4037
-2682
114
2668
3572
2288
-505
-3098
-4011
-2688
83
2701
3627
2363
-402
-3025
-4003
-2746
-18
2604
3601
2383
-340
-2956
-4015
-2867
-166
2485
3498
2354
-355
-3018
-4114
-3008
-283
2397
3514
2419
-234
-2960
-4086
-3023
-360
2334
3517
2485
-193
-2914
-4086
-3043
-413
2326
3552
2580
-43
-2782
-4035
-3097
-451
2297
3587
2660
64
-2683
-3992
-3084
-477
2321
3672
2783
224
-2523
-3845
-2997
-418
2381
3793
2974
408
-2387
-3787
-3005
-415
2408
3844
3089
597
-2218
-3651
-2944
-423
2422
3897
3228
737
-2104
-3581
-2894
-446
2370
3929
3297
835
-1993
-3593
-3013
-523
2288
3885
3321
915
-1940
-3554
-3012
-620
2225
3863
3382
1010
-1851
-3523
-3082
-716
2173
3856
3419
1052
-1796
-3512
-3072
-692
2167
3906
3506
1163
-1708
-3491
-3120
-802
2099
3881
3554
1277
-1614
-3395
-3097
-844
2078
3892
3642
1394
-1478
-3310
-3045
-810
2117
4005
3743
1513
-1411
-3320
-3119
-903
1993
3925
3733
1563
-1346
-3295
-3164
-991
1911
3887
3769
1653
-1244
-3195
-3130
-1022
1882
3875
3838
1748
-1170
-3187
-3158
-1085
1823
3873
3863
1812
-1130
-3192
-3198
-1157
1741
3817
3884
1872
-1037
-3118
-3245
-1277
1634
3757
3858
1901
-973
-3110
-3264
-1334
1549
3703
3905
1954
-944
-3117
-3292
-1413
1500
3689
3926
2041
-858
-3057
-3335
-1479
1400
3632
3908
2109
-785
-3058
-3387
-1598
1266
3536
3890
2126
-767
-3090
-3517
-1799
1081
3401
3832
2108
-737
-3087
-3552
-1894
983
3328
3839
2181
-697
-3116
-3698
-2076
780
3223
3792
2179
-673
-3122
-3756
-2179
656
3085
3727
2183
-700
-3174
-3859
-2379
457
2921
3591
2122
-728
-3279
-4027
-2613
218
2738
3523
2097
-740
-3268
-4084
-2690
85
2648
3486
2103
-670
-3239
-4132
-2781
-7
2556
3463
2166
-607
-3182
-4098
-2850
-87
2506
3464
2205
-544
-3156
-4121
-2892
-185
2477
3528
2334
-350
-2994
-4041
-2863
-154
2528
3588
2483
-214
-2888
-3992
-2856
-193
2512
3680
2630
-15
-2742
-3914
-2871
-250
2479
3682
2688
62
-2637
-3863
-2909
-288
2441
3715
2770
186
-2519
-3788
-2882
-269
2490
3800
2935
358
-2371
-3738
-2954
-410
2387
3731
2961
435
-2362
-3789
-3025
-509
2285
3726
3020
508
-2325
-3780
-3060
-570
2236
3733
3062
577
-2238
-3742
-3107
-674
2186
3763
3181
706
-2146
-3729
-3118
-676
2216
3801
3253
823
-2001
-3604
-3049
-611
2253
3909
3478
1110
-1746
-3441
-2958
-603
2249
3957
3538
1178
